11 0.5859375 0.92265625 0.04765625 0.1296875
32 0.48828125 0.23515625 0.02734375 0.046875
8 0.53671875 0.9234375 0.04765625 0.12890625
32 0.62265625 0.49921875 0.04296875 0.05703125
13 0.44609375 0.66875 0.03359375 0.0765625
10 0.3390625 0.92265625 0.05078125 0.13046875
5 0.4796875 0.60625 0.03359375 0.0609375
26 0.6828125 0.92109375 0.0484375 0.128125
0 0.57109375 0.28125 0.0296875 0.0546875
1 0.61171875 0.31875 0.0359375 0.03125
33 0.41953125 0.55390625 0.03359375 0.06328125
20 0.634375 0.921875 0.05 0.12890625
5 0.56953125 0.23671875 0.02421875 0.046875
3 0.51484375 0.55078125 0.0296875 0.05390625
14 0.334375 0.4953125 0.0375 0.0578125
22 0.515625 0.2359375 0.0234375 0.04140625
18 0.0734375 0.80546875 0.05546875 0.05390625
12 0.45 0.60390625 0.03203125 0.065625
6 0.54765625 0.6078125 0.03359375 0.059375
5 0.4859375 0.9234375 0.046875 0.13203125
24 0.4890625 0.1953125 0.025 0.0359375
3 0.41640625 0.60546875 0.0328125 0.06328125
20 0.5421875 0.19765625 0.0265625 0.03984375
21 0.55 0.54921875 0.03203125 0.0546875
29 0.653125 0.38359375 0.03828125 0.0375
21 0.653125 0.3515625 0.03671875 0.03125
25 0.38125 0.38203125 0.03984375 0.0375
19 0.3875 0.9234375 0.04921875 0.1296875
11 0.48125 0.66953125 0.03203125 0.07265625
27 0.48125 0.5515625 0.03203125 0.06171875
6 0.70546875 0.5015625 0.040625 0.0515625
27 0.43515625 0.2390625 0.02734375 0.04296875
7 0.65078125 0.3203125 0.0359375 0.03515625
3 0.5796875 0.6078125 0.03359375 0.0625
1 0.578125 0.55078125 0.0328125 0.05390625
29 0.37734375 0.4171875 0.03671875 0.04453125
22 0.5125 0.66875 0.03046875 0.07265625
15 0.70234375 0.4578125 0.04140625 0.04453125
25 0.34375 0.3484375 0.0390625 0.03828125
2 0.30078125 0.421875 0.0421875 0.05078125
29 0.61953125 0.4546875 0.040625 0.0390625
2 0.61328125 0.3859375 0.03515625 0.03984375
8 0.43046875 0.2828125 0.0265625 0.05859375
14 0.54609375 0.66875 0.03359375 0.06953125
7 0.41171875 0.6703125 0.03203125 0.0734375
25 0.6140625 0.35078125 0.03984375 0.0359375
24 0.6609375 0.4546875 0.04296875 0.046875
26 0.384375 0.3140625 0.040625 0.03359375
29 0.446875 0.55078125 0.03203125 0.0609375
15 0.18984375 0.921875 0.05234375 0.13046875
15 0.1421875 0.92109375 0.05234375 0.13046875
4 0.3765625 0.50078125 0.04296875 0.0546875
31 0.5140625 0.28359375 0.02890625 0.059375
7 0.30390625 0.3859375 0.04296875 0.0375
31 0.38515625 0.35078125 0.0359375 0.03828125
30 0.4859375 0.2828125 0.02578125 0.05390625
23 0.3546875 0.090625 0.034375 0.04296875
22 0.51484375 0.60703125 0.02890625 0.0640625
24 0.309375 0.315625 0.0359375 0.03828125
5 0.45703125 0.284375 0.0265625 0.05859375
11 0.34609375 0.31640625 0.0359375 0.034375
31 0.65859375 0.4203125 0.03984375 0.04453125
13 0.34375 0.38046875 0.03671875 0.0328125
4 0.33828125 0.4515625 0.04375 0.04453125
23 0.3265625 0.0984375 0.02578125 0.05078125
10 0.21796875 0.09765625 0.02734375 0.04921875
33 0.56640625 0.196875 0.02734375 0.040625
30 0.06015625 0.11640625 0.02734375 0.07109375
24 0.30546875 0.3484375 0.03671875 0.034375
33 0.615625 0.415625 0.0390625 0.04296875
28 0.73203125 0.921875 0.0484375 0.13046875
4 0.6625 0.496875 0.0421875 0.05390625
25 0.0296875 0.1140625 0.028125 0.07578125
33 0.540625 0.28671875 0.03125 0.06015625
22 0.4609375 0.2359375 0.02734375 0.046875
4 0.23828125 0.9234375 0.0515625 0.13125
23 0.303125 0.09921875 0.02578125 0.0515625
18 0.08203125 0.75234375 0.05078125 0.05390625
7 0.28671875 0.921875 0.05234375 0.12734375
11 0.515625 0.19609375 0.02421875 0.034375
19 0.4375 0.9171875 0.04375 0.128125
10 0.271875 0.08828125 0.02890625 0.0359375
10 0.24296875 0.08984375 0.0234375 0.0421875
2 0.54140625 0.23515625 0.02578125 0.040625
2 0.37890625 0.45234375 0.03984375 0.0359375
8 0.340625 0.41328125 0.040625 0.040625