1 0.4859375 0.9203125 0.04765625 0.13515625
1 0.43515625 0.91953125 0.0484375 0.13671875
28 0.5359375 0.91953125 0.05078125 0.1375
28 0.58515625 0.91875 0.05078125 0.1359375
12 0.33671875 0.92109375 0.04921875 0.1375
12 0.2875 0.92109375 0.04921875 0.13671875
9 0.23828125 0.91796875 0.05 0.134375
9 0.1890625 0.91875 0.04921875 0.13359375
0 0.13984375 0.9171875 0.04921875 0.13359375
18 0.8875 0.91484375 0.0453125 0.0875
18 0.85078125 0.915625 0.04453125 0.0875
24 0.4453125 0.6546875 0.03203125 0.07421875
7 0.4796875 0.65546875 0.034375 0.0765625
24 0.4109375 0.659375 0.034375 0.07265625
2 0.5140625 0.653125 0.03359375 0.07109375
4 0.54375 0.596875 0.03203125 0.07421875
30 0.05859375 0.078125 0.02890625 0.071875
8 0.5125 0.58984375 0.03203125 0.059375
33 0.51640625 0.25625 0.02578125 0.06328125
11 0.4140625 0.58671875 0.03359375 0.05859375
29 0.5125 0.53046875 0.0328125 0.05625
2 0.54375 0.53046875 0.03125 0.05546875
25 0.46015625 0.25546875 0.02734375 0.0578125
2 0.4875 0.25546875 0.028125 0.0609375
31 0.4484375 0.53125 0.03125 0.053125
26 0.41640625 0.53125 0.0328125 0.05546875
30 0.3828125 0.3953125 0.03671875 0.04296875
25 0.4796875 0.53125 0.03125 0.053125
4 0.57734375 0.53125 0.034375 0.05703125
29 0.54296875 0.25625 0.02734375 0.0625
24 0.2984375 0.39921875 0.04140625 0.05703125
1 0.43203125 0.2578125 0.02734375 0.06015625
13 0.4796875 0.58828125 0.03046875 0.05546875
14 0.5796875 0.59453125 0.0328125 0.0734375
32 0.33671875 0.39453125 0.04140625 0.04375
31 0.3828125 0.35703125 0.03828125 0.040625
25 0.446875 0.58828125 0.03203125 0.053125
5 0.65703125 0.39609375 0.03984375 0.04375
22 0.34140625 0.35859375 0.0390625 0.03984375
27 0.615625 0.3953125 0.04140625 0.04140625
22 0.3359375 0.43359375 0.040625 0.0453125
8 0.37421875 0.47734375 0.040625 0.0546875
2 0.34609375 0.32421875 0.03828125 0.03984375
25 0.028125 0.0796875 0.0296875 0.07578125
7 0.4328125 0.20703125 0.02734375 0.04375
5 0.37890625 0.4328125 0.0390625 0.04140625
29 0.61875 0.434375 0.03984375 0.0421875
22 0.6546875 0.36015625 0.03984375 0.0390625
32 0.57109375 0.2578125 0.0265625 0.06171875
33 0.3109375 0.290625 0.0390625 0.03671875
20 0.30390625 0.32578125 0.03984375 0.04140625
0 0.384375 0.28984375 0.0359375 0.0390625
33 0.3828125 0.325 0.0390625 0.03671875
3 0.61484375 0.3625 0.0390625 0.04140625
13 0.70234375 0.434375 0.040625 0.0390625
3 0.66171875 0.48046875 0.0421875 0.05703125
21 0.459375 0.20546875 0.02578125 0.04140625
31 0.5140625 0.20703125 0.02578125 0.0421875
11 0.3015625 0.359375 0.04140625 0.040625
21 0.61484375 0.32734375 0.0390625 0.0390625
15 0.54140625 0.16640625 0.02578125 0.040625
5 0.3453125 0.28828125 0.0375 0.034375
33 0.61953125 0.48125 0.0390625 0.06015625
7 0.7046875 0.48359375 0.04453125 0.059375
11 0.6984375 0.39375 0.03984375 0.0390625
14 0.68984375 0.325 0.03671875 0.0390625
3 0.6484375 0.2921875 0.034375 0.0390625
6 0.56796875 0.165625 0.025 0.0390625
10 0.07265625 0.796875 0.05625 0.05859375
24 0.54140625 0.2046875 0.02578125 0.0421875
1 0.6125 0.2953125 0.03671875 0.04140625
10 0.078125 0.73515625 0.046875 0.06328125
10 0.0640625 0.8546875 0.059375 0.07265625
23 0.09453125 0.68828125 0.0546875 0.06484375
4 0.56953125 0.20703125 0.02734375 0.0453125
23 0.1046875 0.58359375 0.0453125 0.0609375
22 0.6984375 0.3625 0.03828125 0.0390625
23 0.1 0.6375 0.053125 0.0546875
12 0.65859375 0.4375 0.03984375 0.04765625
6 0.6515625 0.32421875 0.0375 0.0359375
12 0.3875 0.9203125 0.04609375 0.13515625
29 0.4859375 0.2046875 0.02578125 0.03984375
27 0.33203125 0.4765625 0.03984375 0.05078125