9 0.18984375 0.9203125 0.05234375 0.13671875
17 0.3390625 0.921875 0.05 0.140625
32 0.51328125 0.590625 0.0328125 0.059375
9 0.140625 0.9203125 0.05078125 0.13671875
29 0.61640625 0.3609375 0.0390625 0.04140625
24 0.51484375 0.6578125 0.03359375 0.07265625
33 0.38203125 0.3578125 0.03359375 0.0390625
33 0.5703125 0.25625 0.02578125 0.05546875
33 0.45 0.534375 0.034375 0.0578125
32 0.3859375 0.28984375 0.03515625 0.03984375
33 0.41328125 0.66015625 0.03125 0.07421875
10 0.84609375 0.925 0.04765625 0.0734375
24 0.70625 0.48359375 0.0421875 0.05625
5 0.41328125 0.590625 0.0296875 0.06796875
1 0.3765625 0.47578125 0.03828125 0.0546875
17 0.43515625 0.921875 0.05 0.13671875
31 0.34296875 0.359375 0.03671875 0.03359375
30 0.51328125 0.534375 0.03515625 0.0546875
10 0.88828125 0.9171875 0.04375 0.08515625
11 0.48203125 0.65859375 0.03046875 0.07421875
22 0.48125 0.58984375 0.0296875 0.0625
15 0.30546875 0.3296875 0.0359375 0.0453125
26 0.62109375 0.48125 0.04375 0.05625
20 0.44765625 0.6609375 0.0328125 0.07109375
21 0.33671875 0.43515625 0.04140625 0.04375
27 0.51328125 0.2578125 0.02734375 0.06171875
25 0.3765625 0.43359375 0.0359375 0.040625
8 0.65625 0.36015625 0.03671875 0.0359375
27 0.5796875 0.596875 0.0328125 0.07109375
11 0.5140625 0.16796875 0.0265625 0.03984375
7 0.56875 0.1671875 0.0265625 0.04375
0 0.41796875 0.53359375 0.03125 0.05234375
5 0.4140625 0.58984375 0.0296875 0.06640625
31 0.61875 0.4375 0.0375 0.04296875
2 0.38046875 0.3953125 0.03671875 0.0375
2 0.446875 0.58984375 0.034375 0.06171875
31 0.48046875 0.53515625 0.03125 0.05546875
3 0.48671875 0.2578125 0.02734375 0.0625
10 0.92421875 0.91640625 0.04296875 0.08671875
17 0.38671875 0.921875 0.0484375 0.13984375
4 0.346875 0.2921875 0.03515625 0.0375
22 0.5453125 0.5953125 0.03046875 0.07109375
2 0.6125 0.3265625 0.03515625 0.03671875
29 0.54296875 0.2578125 0.02734375 0.05859375
6 0.30625 0.2890625 0.03359375 0.0359375
3 0.43203125 0.2046875 0.0265625 0.03828125
1 0.43046875 0.25625 0.0265625 0.06015625
8 0.578125 0.5328125 0.03359375 0.05546875
13 0.2375 0.921875 0.04921875 0.1359375
4 0.6109375 0.2921875 0.03515625 0.0359375
24 0.3453125 0.32265625 0.03671875 0.03828125
22 0.4875 0.16875 0.0234375 0.0359375
4 0.6546875 0.32421875 0.0375 0.0375
24 0.70234375 0.4359375 0.04453125 0.04140625
25 0.6171875 0.39921875 0.03671875 0.040625
3 0.56796875 0.20546875 0.02578125 0.04140625
14 0.65 0.29453125 0.03671875 0.034375
7 0.33515625 0.48203125 0.04375 0.0609375
23 0.765625 0.91796875 0.04296875 0.08515625
22 0.48671875 0.20703125 0.0265625 0.03984375
23 0.72109375 0.92578125 0.04765625 0.071875
29 0.38359375 0.321875 0.0375 0.034375
14 0.46171875 0.16875 0.02578125 0.0375
7 0.7015625 0.40078125 0.040625 0.03828125
13 0.540625 0.1671875 0.02578125 0.03828125
6 0.459375 0.20703125 0.0265625 0.0390625
5 0.54609375 0.53359375 0.03359375 0.0578125
25 0.02890625 0.08046875 0.03046875 0.07890625
25 0.6625 0.4328125 0.03984375 0.040625
21 0.4578125 0.25703125 0.02734375 0.0625
18 0.8078125 0.11171875 0.0375 0.0328125
18 0.80625 0.08125 0.03828125 0.034375
2 0.69453125 0.36015625 0.0390625 0.0390625
13 0.65703125 0.39765625 0.03671875 0.03828125
11 0.5140625 0.1671875 0.02421875 0.03984375
11 0.6625 0.47890625 0.03984375 0.053125
23 0.80390625 0.91796875 0.040625 0.08515625
30 0.0578125 0.0796875 0.02734375 0.07734375
16 0.2875 0.92265625 0.04765625 0.13359375
29 0.3390625 0.396875 0.0421875 0.034375
12 0.54140625 0.20703125 0.025 0.04140625
5 0.5140625 0.20703125 0.0265625 0.03828125