0 0.37890625 0.4328125 0.03828125 0.04609375
0 0.48125 0.5953125 0.03125 0.07109375
12 0.44765625 0.596875 0.03359375 0.07109375
27 0.48671875 0.20703125 0.02734375 0.04375
5 0.5140625 0.59375 0.03046875 0.071875
32 0.44765625 0.53203125 0.0328125 0.05703125
3 0.48671875 0.25703125 0.0265625 0.0625
31 0.41640625 0.53359375 0.0328125 0.05859375
29 0.4140625 0.5953125 0.03203125 0.0703125
29 0.61875 0.43671875 0.040625 0.0453125
21 0.56953125 0.20703125 0.0265625 0.04609375
28 0.4796875 0.5328125 0.03125 0.0578125
1 0.5140625 0.2078125 0.02734375 0.0421875
30 0.38359375 0.3234375 0.03828125 0.0390625
28 0.5421875 0.25625 0.028125 0.059375
9 0.13984375 0.91875 0.04921875 0.13515625
32 0.3828125 0.290625 0.03515625 0.0390625
30 0.51484375 0.2578125 0.02734375 0.06171875
32 0.6203125 0.48125 0.040625 0.059375
1 0.3796875 0.39375 0.0390625 0.0453125
3 0.34453125 0.290625 0.0359375 0.03671875
14 0.5125 0.53046875 0.03203125 0.05546875
11 0.3359375 0.92109375 0.046875 0.13671875
12 0.18828125 0.91953125 0.0484375 0.13515625
10 0.57734375 0.53671875 0.03203125 0.06875
7 0.6625 0.48046875 0.04296875 0.06015625
24 0.34140625 0.36328125 0.0390625 0.0546875
13 0.23828125 0.91875 0.05078125 0.13515625
13 0.28828125 0.92109375 0.05078125 0.1359375
14 0.3859375 0.91875 0.04765625 0.13515625
6 0.6140625 0.36328125 0.03828125 0.0421875
31 0.5703125 0.2578125 0.028125 0.059375
25 0.61640625 0.3953125 0.03984375 0.03984375
0 0.375 0.47578125 0.040625 0.05859375
17 0.43671875 0.91875 0.04921875 0.13671875
23 0.659375 0.4328125 0.040625 0.04140625
1 0.6109375 0.32578125 0.0375 0.03984375
26 0.54140625 0.20546875 0.0265625 0.040625
28 0.61171875 0.29453125 0.03828125 0.04296875
29 0.3453125 0.32265625 0.0375 0.040625
26 0.65625 0.3953125 0.0390625 0.03671875
7 0.45859375 0.25625 0.028125 0.06015625
20 0.3796875 0.35546875 0.03828125 0.03671875
33 0.54375 0.5390625 0.03125 0.07109375
19 0.02890625 0.08046875 0.03046875 0.075
32 0.50078125 0.91875 0.05078125 0.13671875
20 0.7625 0.9125 0.040625 0.0828125
27 0.87578125 0.91484375 0.04453125 0.08515625
27 0.8375 0.9171875 0.04296875 0.0859375
23 0.80078125 0.9125 0.0421875 0.08359375
27 0.91953125 0.92421875 0.05234375 0.07109375
26 0.7203125 0.925 0.05078125 0.07265625
23 0.42578125 0.2546875 0.03671875 0.0484375