33 0.378125 0.43671875 0.040625 0.04609375
0 0.34140625 0.3609375 0.03671875 0.046875
24 0.28828125 0.92578125 0.04921875 0.1375
18 0.2390625 0.92109375 0.04921875 0.134375
19 0.02890625 0.08046875 0.03125 0.0734375
32 0.57109375 0.2609375 0.0265625 0.0578125
13 0.340625 0.921875 0.04765625 0.13515625
23 0.4484375 0.59765625 0.0328125 0.078125
3 0.57109375 0.20546875 0.025 0.0421875
28 0.61875 0.43671875 0.0375 0.0484375
19 0.48515625 0.9234375 0.04921875 0.13515625
14 0.5875 0.92265625 0.04609375 0.1359375
5 0.340625 0.39921875 0.0421875 0.0421875
29 0.4515625 0.53515625 0.03125 0.059375
27 0.65625 0.36015625 0.0390625 0.03984375
0 0.415625 0.59609375 0.03046875 0.078125
31 0.621875 0.48125 0.0421875 0.05703125
15 0.14140625 0.9203125 0.04921875 0.13671875
7 0.41484375 0.59609375 0.03046875 0.07421875
15 0.190625 0.91953125 0.05078125 0.13515625
17 0.63359375 0.92109375 0.04453125 0.13671875
6 0.5140625 0.54140625 0.03125 0.06953125
20 0.7328125 0.92109375 0.046875 0.13515625
27 0.084375 0.72734375 0.05 0.05390625
30 0.6171875 0.40078125 0.03828125 0.0421875
29 0.3484375 0.2921875 0.034375 0.03984375
28 0.38203125 0.36171875 0.03671875 0.04296875
25 0.48203125 0.5328125 0.03203125 0.05625
19 0.53515625 0.92265625 0.05 0.13828125
1 0.6578125 0.40078125 0.0390625 0.0421875
1 0.54609375 0.540625 0.03515625 0.06796875
1 0.4859375 0.25859375 0.03203125 0.0609375
0 0.43359375 0.26015625 0.0296875 0.059375
13 0.38828125 0.92109375 0.0484375 0.13359375
20 0.68203125 0.9203125 0.04921875 0.13203125
31 0.3859375 0.290625 0.03359375 0.0375
24 0.51484375 0.21015625 0.02421875 0.040625
20 0.5125 0.25859375 0.025 0.06484375
21 0.665625 0.48046875 0.0421875 0.06171875
32 0.41796875 0.53515625 0.03125 0.05859375
30 0.54375 0.26015625 0.02734375 0.0609375
27 0.075 0.77734375 0.053125 0.05
10 0.375 0.47265625 0.03984375 0.04453125
3 0.61796875 0.3609375 0.03828125 0.03984375
23 0.0921875 0.6828125 0.04765625 0.0515625
7 0.61484375 0.325 0.03515625 0.03984375
26 0.1046875 0.5859375 0.0421875 0.06484375
32 0.384375 0.3234375 0.03671875 0.03828125
29 0.5421875 0.20859375 0.02890625 0.03984375
16 0.43515625 0.921875 0.04609375 0.13359375
33 0.3765625 0.43359375 0.03828125 0.0421875
26 0.48125 0.596875 0.0296875 0.075
26 0.65859375 0.42890625 0.04296875 0.0375
28 0.57734375 0.540625 0.03515625 0.07109375
12 0.34453125 0.32578125 0.0390625 0.04375
14 0.38046875 0.39453125 0.03984375 0.04140625
27 0.05703125 0.840625 0.04140625 0.07265625
20 0.10078125 0.63515625 0.04765625 0.04609375
23 0.6125 0.2828125 0.0296875 0.03671875
0 0.4578125 0.25859375 0.02890625 0.059375