1 0.140625 0.92109375 0.0484375 0.13125
1 0.18984375 0.91875 0.05 0.1296875
1 0.2390625 0.91953125 0.05 0.13203125
2 0.290625 0.91875 0.05 0.13125
5 0.3875 0.9234375 0.05078125 0.1296875
20 0.58515625 0.91953125 0.04921875 0.134375
8 0.43671875 0.921875 0.05078125 0.1328125
26 0.47890625 0.66484375 0.0328125 0.06953125
17 0.5359375 0.9203125 0.05 0.13359375
22 0.44609375 0.6640625 0.03359375 0.07109375
25 0.64921875 0.91875 0.04921875 0.13359375
17 0.4859375 0.921875 0.0484375 0.13203125
2 0.41171875 0.665625 0.034375 0.06875
6 0.5125 0.6703125 0.0328125 0.06171875
2 0.54609375 0.609375 0.03359375 0.06953125
6 0.578125 0.609375 0.03203125 0.0703125
21 0.4140625 0.60234375 0.034375 0.059375
28 0.06484375 0.85859375 0.05703125 0.06875
4 0.4796875 0.60234375 0.0328125 0.05859375
28 0.0703125 0.79375 0.04921875 0.071875
23 0.44765625 0.6015625 0.03515625 0.0578125
19 0.5453125 0.546875 0.03203125 0.053125
4 0.3734375 0.49765625 0.0390625 0.05703125
26 0.2953125 0.46015625 0.0421875 0.0546875
9 0.48203125 0.54921875 0.03203125 0.05625
28 0.08515625 0.73671875 0.05546875 0.04921875
32 0.4484375 0.55 0.03203125 0.0546875
31 0.6203125 0.4984375 0.03984375 0.05703125
12 0.059375 0.11328125 0.03046875 0.07109375
7 0.88671875 0.91640625 0.0453125 0.08671875
27 0.65859375 0.453125 0.0390625 0.0421875
4 0.303125 0.3828125 0.04140625 0.03828125
2 0.38359375 0.38125 0.03671875 0.03984375
31 0.4171875 0.54765625 0.03203125 0.05625
18 0.33671875 0.4515625 0.0421875 0.04453125
27 0.37890625 0.45234375 0.0390625 0.04296875
3 0.66015625 0.496875 0.0375 0.05546875
30 0.37890625 0.4171875 0.03984375 0.040625
7 0.8484375 0.9171875 0.04375 0.0859375
27 0.30078125 0.4171875 0.04140625 0.040625
21 0.57734375 0.54609375 0.03203125 0.05234375
22 0.703125 0.49765625 0.0421875 0.053125
3 0.3078125 0.315625 0.0390625 0.03671875
0 0.3328125 0.49375 0.040625 0.05703125
12 0.51328125 0.5484375 0.03203125 0.05546875
4 0.7015625 0.4546875 0.04453125 0.04296875
1 0.34609375 0.31484375 0.03515625 0.03515625
30 0.6203125 0.45390625 0.0390625 0.03984375
22 0.30625 0.34921875 0.03984375 0.0359375
18 0.6484375 0.31015625 0.03203125 0.04375
24 0.69921875 0.41796875 0.040625 0.03828125
26 0.6171875 0.41796875 0.0390625 0.03671875
33 0.5125 0.603125 0.03359375 0.05859375
29 0.38671875 0.315625 0.03515625 0.03671875
5 0.3390625 0.415625 0.040625 0.0390625
23 0.48671875 0.284375 0.02734375 0.059375
3 0.4328125 0.28359375 0.028125 0.06015625
0 0.38203125 0.34609375 0.0390625 0.0328125
26 0.65625 0.41484375 0.03984375 0.034375
24 0.65625 0.3828125 0.0375 0.03828125
24 0.34140625 0.38125 0.0390625 0.0375
33 0.69453125 0.3859375 0.0375 0.0390625
24 0.5703125 0.28359375 0.02734375 0.06015625
17 0.03046875 0.11328125 0.0296875 0.07109375
31 0.61015625 0.3171875 0.03671875 0.0328125
30 0.51484375 0.2859375 0.0265625 0.059375
28 0.6125 0.35078125 0.0359375 0.0375
21 0.4265625 0.240625 0.03359375 0.0421875
6 0.65078125 0.35078125 0.0359375 0.03828125
32 0.61484375 0.38515625 0.0375 0.03984375
31 0.5421875 0.28359375 0.02890625 0.05859375
33 0.34296875 0.34921875 0.0390625 0.03984375
23 0.48671875 0.19765625 0.0265625 0.0390625
5 0.56796875 0.23671875 0.028125 0.040625
8 0.540625 0.196875 0.02734375 0.0390625
29 0.4875 0.2359375 0.02578125 0.04140625
0 0.5140625 0.234375 0.025 0.040625
27 0.56796875 0.196875 0.0265625 0.040625
0 0.5140625 0.19609375 0.025 0.03828125
29 0.540625 0.2359375 0.0265625 0.04140625
29 0.4609375 0.234375 0.0265625 0.040625
5 0.3390625 0.9234375 0.05 0.1296875
32 0.4609375 0.2859375 0.0265625 0.0609375