11 0.53515625 0.92265625 0.046875 0.13125
22 0.48515625 0.91875 0.04765625 0.1375
19 0.43671875 0.91796875 0.05 0.13671875
11 0.63359375 0.91875 0.0484375 0.1359375
16 0.3859375 0.91875 0.0484375 0.13671875
14 0.68203125 0.91796875 0.046875 0.13515625
17 0.7328125 0.91875 0.04921875 0.13671875
16 0.3359375 0.91796875 0.04765625 0.13515625
11 0.58359375 0.91796875 0.046875 0.13515625
13 0.2875 0.91875 0.04921875 0.13515625
10 0.2390625 0.91875 0.05078125 0.134375
15 0.18828125 0.91953125 0.0484375 0.1328125
15 0.13984375 0.91875 0.04921875 0.13359375
8 0.4453125 0.65390625 0.0328125 0.07109375
0 0.4796875 0.65625 0.03203125 0.06953125
23 0.5140625 0.65546875 0.03359375 0.06953125
5 0.4140625 0.58828125 0.0328125 0.059375
12 0.05859375 0.07890625 0.0296875 0.075
29 0.546875 0.59609375 0.0328125 0.071875
0 0.4796875 0.58984375 0.03046875 0.05859375
9 0.5140625 0.25625 0.02578125 0.06171875
23 0.5125 0.5328125 0.03359375 0.059375
30 0.4828125 0.53046875 0.03125 0.05703125
19 0.45859375 0.25625 0.0265625 0.06171875
26 0.37890625 0.35703125 0.03671875 0.03671875
12 0.4859375 0.25625 0.0265625 0.059375
27 0.4109375 0.65859375 0.0328125 0.06953125
7 0.2421875 0.0625 0.02578125 0.053125
26 0.33984375 0.3578125 0.0375 0.0390625
31 0.44921875 0.53046875 0.0328125 0.05859375
26 0.5125 0.16484375 0.025 0.0390625
3 0.57734375 0.534375 0.0328125 0.0640625
32 0.5453125 0.5328125 0.03203125 0.06171875
7 0.2671875 0.0625 0.0265625 0.05390625
32 0.5421875 0.25703125 0.0265625 0.06015625
24 0.41640625 0.5296875 0.03203125 0.05390625
2 0.6171875 0.39765625 0.040625 0.04296875
22 0.7 0.4359375 0.03828125 0.04453125
4 0.69609375 0.39921875 0.04140625 0.0390625
29 0.61875 0.48203125 0.0390625 0.06171875
0 0.61875 0.43359375 0.03984375 0.04453125
17 0.02890625 0.07890625 0.02890625 0.07421875
2 0.45859375 0.20703125 0.02734375 0.04296875
29 0.5140625 0.58828125 0.0328125 0.05703125
31 0.5703125 0.25625 0.028125 0.06484375
24 0.3375 0.39375 0.0390625 0.0390625
1 0.6640625 0.48203125 0.03828125 0.059375
26 0.690625 0.328125 0.0359375 0.0390625
29 0.44765625 0.5859375 0.03359375 0.05625
30 0.38359375 0.325 0.040625 0.0390625
6 0.4859375 0.165625 0.0265625 0.03984375
4 0.5140625 0.20625 0.0265625 0.04453125
27 0.3453125 0.32421875 0.03828125 0.040625
22 0.53984375 0.16796875 0.0265625 0.040625
32 0.37890625 0.39375 0.03828125 0.0453125
5 0.65390625 0.36171875 0.03828125 0.03828125
33 0.659375 0.4359375 0.03984375 0.0484375
4 0.61015625 0.2953125 0.03359375 0.03828125
3 0.70546875 0.475 0.04375 0.04375
27 0.6953125 0.3625 0.040625 0.0375
28 0.37890625 0.434375 0.03671875 0.04921875
4 0.30390625 0.325 0.0390625 0.03828125
2 0.5671875 0.16640625 0.0265625 0.0390625
30 0.61640625 0.3640625 0.0390625 0.04140625
18 0.3328125 0.4890625 0.034375 0.06953125
21 0.584375 0.59765625 0.04140625 0.0625
3 0.34453125 0.28828125 0.0359375 0.03515625
27 0.61328125 0.32578125 0.0375 0.0390625
24 0.65625 0.39375 0.03984375 0.04140625
6 0.43125 0.20703125 0.0265625 0.0421875
6 0.33828125 0.43203125 0.03828125 0.0421875
31 0.38359375 0.2921875 0.03515625 0.040625
21 0.43046875 0.2578125 0.028125 0.0609375
24 0.30078125 0.35859375 0.03828125 0.03828125
22 0.31015625 0.28984375 0.03671875 0.0359375
23 0.54140625 0.20546875 0.02734375 0.04296875
0 0.6484375 0.2921875 0.03515625 0.03828125
18 0.65 0.3265625 0.03515625 0.03984375
21 0.56875 0.2109375 0.02734375 0.04453125
31 0.37421875 0.47734375 0.03984375 0.0609375
33 0.4859375 0.2046875 0.02734375 0.0453125
33 0.2984375 0.4015625 0.04296875 0.05625
28 0.8 0.05546875 0.03515625 0.02734375
28 0.81015625 0.0875 0.03203125 0.0375
28 0.81171875 0.125 0.034375 0.0453125