33 0.3859375 0.32890625 0.0375 0.0453125
5 0.48046875 0.65546875 0.03046875 0.08046875
27 0.61875 0.4390625 0.0390625 0.04375
33 0.6953125 0.3578125 0.040625 0.03671875
30 0.51328125 0.534375 0.02890625 0.05390625
20 0.4875 0.92109375 0.04921875 0.13671875
33 0.64921875 0.92109375 0.05 0.1421875
9 0.34375 0.328125 0.034375 0.04140625
31 0.309375 0.2921875 0.0390625 0.0390625
1 0.54609375 0.5359375 0.0328125 0.05703125
32 0.69296875 0.33046875 0.0390625 0.040625
8 0.0296875 0.08125 0.03046875 0.07265625
20 0.5859375 0.91953125 0.04609375 0.13671875
19 0.3734375 0.4828125 0.04375 0.0578125
0 0.303125 0.33046875 0.03671875 0.0390625
25 0.4484375 0.5875 0.03046875 0.05390625
24 0.5453125 0.5921875 0.0328125 0.059375
26 0.515625 0.65859375 0.0296875 0.07578125
26 0.3859375 0.28984375 0.03671875 0.03359375
17 0.43515625 0.9203125 0.05078125 0.1359375
32 0.62109375 0.48125 0.040625 0.06171875
21 0.9234375 0.91484375 0.04609375 0.0859375
24 0.61484375 0.32265625 0.03828125 0.0359375
14 0.3890625 0.9203125 0.0484375 0.1359375
16 0.41640625 0.59375 0.03203125 0.05703125
22 0.290625 0.92109375 0.05 0.1390625
19 0.23828125 0.91953125 0.0546875 0.1375
5 0.65703125 0.4 0.0390625 0.0359375
16 0.190625 0.91953125 0.05390625 0.134375
15 0.890625 0.91640625 0.04375 0.0828125
11 0.340625 0.9203125 0.04609375 0.13671875
28 0.6984375 0.39921875 0.04140625 0.040625
3 0.29609375 0.440625 0.040625 0.053125
15 0.44921875 0.6578125 0.03359375 0.0765625
4 0.33828125 0.40078125 0.0390625 0.04140625
15 0.70078125 0.43671875 0.04375 0.046875
0 0.61875 0.39921875 0.0390625 0.0421875
27 0.30625 0.3640625 0.040625 0.03671875
2 0.5484375 0.65859375 0.03359375 0.0734375
27 0.38125 0.3609375 0.040625 0.04140625
31 0.56875 0.16875 0.025 0.04375
14 0.515625 0.20859375 0.0296875 0.0453125
30 0.65546875 0.3609375 0.0375 0.0359375
28 0.48203125 0.534375 0.03203125 0.0609375
2 0.51484375 0.25703125 0.02734375 0.0640625
20 0.53515625 0.92109375 0.0484375 0.1390625
2 0.378125 0.4359375 0.04375 0.0421875
29 0.4859375 0.259375 0.02734375 0.05703125
31 0.434375 0.21015625 0.02734375 0.04453125
31 0.30078125 0.40234375 0.040625 0.04375
1 0.5125 0.16796875 0.02265625 0.03828125
13 0.140625 0.91953125 0.04921875 0.1375
17 0.3375 0.44453125 0.03828125 0.04140625
6 0.66484375 0.4828125 0.04140625 0.05859375
28 0.571875 0.2609375 0.028125 0.05859375
9 0.58125 0.596875 0.03125 0.06796875
4 0.4609375 0.16953125 0.028125 0.04296875
13 0.334375 0.4890625 0.04296875 0.0578125
18 0.84609375 0.925 0.0546875 0.0703125
29 0.64765625 0.29296875 0.0359375 0.0359375
18 0.38203125 0.39765625 0.040625 0.0484375
23 0.41328125 0.65625 0.0328125 0.075
7 0.57734375 0.53125 0.03125 0.05625
2 0.48671875 0.171875 0.02578125 0.040625
23 0.7046875 0.47890625 0.03984375 0.06015625
22 0.6109375 0.290625 0.0328125 0.03359375
24 0.61796875 0.3609375 0.03828125 0.0375
27 0.6578125 0.43828125 0.040625 0.0421875
18 0.46171875 0.20703125 0.02578125 0.0453125
1 0.540625 0.2609375 0.0296875 0.06171875
21 0.6546875 0.328125 0.0375 0.0375
32 0.41796875 0.53515625 0.0328125 0.0578125
0 0.46171875 0.2609375 0.02890625 0.06328125
28 0.48125 0.590625 0.03125 0.0578125
14 0.34375 0.359375 0.03515625 0.04375
32 0.54140625 0.20703125 0.02578125 0.040625
23 0.54140625 0.165625 0.028125 0.04140625
7 0.56953125 0.20625 0.028125 0.04921875
30 0.4875 0.20703125 0.025 0.0359375
16 0.43125 0.25625 0.02421875 0.05390625
5 0.346875 0.28671875 0.03828125 0.03203125
24 0.51328125 0.59140625 0.02890625 0.059375
33 0.4484375 0.5328125 0.0328125 0.05546875