33 0.3859375 0.32890625 0.03828125 0.0453125
27 0.6203125 0.4375 0.0390625 0.04375
5 0.48046875 0.6546875 0.03046875 0.07890625
33 0.6953125 0.3578125 0.040625 0.03671875
30 0.51328125 0.534375 0.02890625 0.0546875
33 0.64921875 0.92109375 0.05078125 0.1421875
20 0.48671875 0.92109375 0.04921875 0.1375
32 0.69296875 0.33046875 0.0390625 0.040625
1 0.54609375 0.53671875 0.0328125 0.0578125
9 0.3453125 0.328125 0.03671875 0.04140625
8 0.0296875 0.08125 0.03125 0.0734375
14 0.3890625 0.9203125 0.0484375 0.13671875
31 0.309375 0.29296875 0.0390625 0.0390625
24 0.5453125 0.5921875 0.0328125 0.059375
0 0.303125 0.33046875 0.0375 0.0390625
24 0.61484375 0.32265625 0.03828125 0.0359375
19 0.3734375 0.4828125 0.04375 0.0578125
17 0.4359375 0.9203125 0.05078125 0.13671875
26 0.3859375 0.290625 0.0375 0.034375
32 0.62109375 0.48125 0.040625 0.0609375
26 0.515625 0.6578125 0.0296875 0.07421875
22 0.290625 0.92109375 0.05 0.13984375
20 0.5859375 0.91953125 0.04609375 0.13671875
21 0.9234375 0.91484375 0.04609375 0.0859375
5 0.6578125 0.4 0.03984375 0.0359375
16 0.41640625 0.59375 0.03203125 0.0578125
11 0.340625 0.91953125 0.04765625 0.13671875
16 0.1890625 0.9203125 0.05 0.13515625
15 0.7015625 0.43203125 0.04453125 0.046875
28 0.6984375 0.39921875 0.04140625 0.040625
15 0.44921875 0.65703125 0.03359375 0.07421875
18 0.84609375 0.925 0.0546875 0.0703125
27 0.38359375 0.3640625 0.03984375 0.03984375
4 0.33828125 0.4046875 0.0359375 0.04140625
0 0.61875 0.4 0.0390625 0.04296875
3 0.29609375 0.440625 0.040625 0.0546875
2 0.5484375 0.6578125 0.03359375 0.071875
14 0.51484375 0.20703125 0.02578125 0.0421875
5 0.346875 0.28984375 0.0328125 0.034375
31 0.30078125 0.40234375 0.03984375 0.04375
30 0.65546875 0.3609375 0.0375 0.03515625
31 0.56953125 0.16875 0.02421875 0.04375
2 0.51640625 0.26171875 0.02734375 0.0640625
27 0.30546875 0.36328125 0.04140625 0.03671875
2 0.3796875 0.43359375 0.04140625 0.046875
1 0.5125 0.16796875 0.0234375 0.03828125
29 0.4875 0.25546875 0.02734375 0.05546875
15 0.890625 0.915625 0.04453125 0.0828125
20 0.5375 0.92109375 0.04375 0.13984375
23 0.41328125 0.65546875 0.0328125 0.0734375
17 0.33515625 0.44140625 0.04296875 0.0359375
28 0.571875 0.2609375 0.028125 0.05859375
29 0.64765625 0.29296875 0.03515625 0.034375
4 0.4609375 0.16953125 0.028125 0.04296875
13 0.140625 0.91953125 0.0484375 0.1375
6 0.66484375 0.4828125 0.04140625 0.05859375
19 0.2375 0.92109375 0.0484375 0.13671875
28 0.4828125 0.534375 0.0328125 0.0609375
22 0.6109375 0.28984375 0.03359375 0.03359375
18 0.3828125 0.39765625 0.03984375 0.0484375
9 0.58125 0.596875 0.03125 0.06796875
7 0.57734375 0.53125 0.03046875 0.0546875
31 0.434375 0.2109375 0.0265625 0.04375
13 0.334375 0.4890625 0.0421875 0.0578125
27 0.6578125 0.43828125 0.04140625 0.0421875
2 0.48671875 0.17109375 0.02578125 0.040625
21 0.65546875 0.32890625 0.03671875 0.03828125
32 0.41796875 0.5359375 0.0328125 0.0578125
23 0.70625 0.4765625 0.03828125 0.05234375
18 0.46171875 0.20703125 0.02578125 0.0453125
0 0.45859375 0.2546875 0.02578125 0.0546875
1 0.540625 0.2609375 0.0296875 0.06171875
32 0.5421875 0.20859375 0.025 0.03828125
33 0.44765625 0.53125 0.03046875 0.05859375
25 0.44765625 0.590625 0.03515625 0.05859375
28 0.48125 0.590625 0.03125 0.05859375
33 0.4484375 0.534375 0.03125 0.06015625
30 0.4875 0.20703125 0.0265625 0.046875
14 0.34296875 0.36015625 0.034375 0.04296875
7 0.56953125 0.20546875 0.02734375 0.04921875
24 0.5140625 0.590625 0.02734375 0.0578125
24 0.61484375 0.35703125 0.0390625 0.03203125
16 0.43046875 0.2546875 0.0265625 0.05390625
23 0.53984375 0.1625 0.0234375 0.04296875