0 0.64921875 0.92109375 0.0484375 0.1296875
0 0.1421875 0.91953125 0.0515625 0.12890625
33 0.43359375 0.284375 0.025 0.053125
29 0.5140625 0.55390625 0.03203125 0.0671875
29 0.384375 0.32109375 0.0359375 0.040625
16 0.0796875 0.746875 0.04453125 0.065625
1 0.43671875 0.9234375 0.04609375 0.12890625
32 0.621875 0.5015625 0.040625 0.0578125
16 0.4140625 0.60625 0.028125 0.059375
28 0.83828125 0.91796875 0.0453125 0.08125
27 0.34921875 0.3234375 0.0359375 0.0484375
10 0.071875 0.80234375 0.0484375 0.053125
33 0.571875 0.2859375 0.0296875 0.06015625
28 0.92109375 0.925 0.0484375 0.07109375
25 0.53515625 0.9234375 0.0484375 0.13125
18 0.23828125 0.92109375 0.05546875 0.13125
28 0.91015625 0.86328125 0.053125 0.0484375
24 0.57734375 0.553125 0.03203125 0.06171875
24 0.3390625 0.92265625 0.0484375 0.1328125
1 0.38828125 0.92265625 0.04765625 0.1296875
31 0.4171875 0.546875 0.03203125 0.05078125
0 0.38359375 0.35 0.03671875 0.03359375
32 0.48828125 0.2875 0.02734375 0.05859375
17 0.446875 0.6109375 0.03515625 0.071875
32 0.48046875 0.55625 0.03203125 0.0703125
7 0.6640625 0.5015625 0.0375 0.053125
11 0.059375 0.1125 0.0265625 0.06875
21 0.54609375 0.553125 0.0328125 0.06484375
1 0.51640625 0.28828125 0.02890625 0.059375
26 0.38203125 0.384375 0.0375 0.0375
28 0.87734375 0.91796875 0.0453125 0.084375
33 0.6203125 0.45078125 0.04296875 0.03828125
30 0.61796875 0.415625 0.040625 0.028125
6 0.1890625 0.91953125 0.0515625 0.12734375
13 0.3765625 0.453125 0.03359375 0.0421875
13 0.065625 0.86171875 0.05546875 0.06796875
22 0.61328125 0.3203125 0.03671875 0.03671875
23 0.5859375 0.9234375 0.046875 0.1328125
29 0.61640625 0.38203125 0.03671875 0.040625
22 0.46015625 0.2828125 0.02578125 0.05859375
23 0.6140625 0.3484375 0.03515625 0.03359375
33 0.446875 0.55234375 0.02890625 0.0640625
21 0.290625 0.92265625 0.05 0.13046875
24 0.02890625 0.1109375 0.028125 0.07265625
13 0.37421875 0.49296875 0.0375 0.0484375
27 0.54375 0.28515625 0.0296875 0.06171875
22 0.4859375 0.92421875 0.046875 0.13203125
23 0.37890625 0.41484375 0.0375 0.03671875