25 0.63359375 0.921875 0.04921875 0.1296875
25 0.58515625 0.91953125 0.05 0.1328125
14 0.68359375 0.9203125 0.04921875 0.134375
19 0.53515625 0.9234375 0.05078125 0.12734375
17 0.73203125 0.9203125 0.04921875 0.13515625
13 0.484375 0.92265625 0.05 0.13046875
7 0.43515625 0.92109375 0.05 0.1328125
2 0.79609375 0.91953125 0.0484375 0.13359375
18 0.33671875 0.91796875 0.0484375 0.13203125
15 0.2890625 0.91875 0.05 0.13203125
6 0.23828125 0.92265625 0.04921875 0.13125
26 0.4484375 0.546875 0.03125 0.05390625
3 0.18984375 0.91953125 0.05 0.12890625
25 0.384375 0.3140625 0.0359375 0.03359375
23 0.446875 0.60625 0.0328125 0.06171875
17 0.42890625 0.28515625 0.02890625 0.059375
2 0.5453125 0.5515625 0.03125 0.0640625
2 0.5140625 0.284375 0.0265625 0.059375
0 0.13984375 0.915625 0.04921875 0.125
0 0.4796875 0.60546875 0.03125 0.06171875
6 0.54140625 0.28515625 0.02578125 0.0609375
28 0.4859375 0.284375 0.02734375 0.0609375
30 0.5125 0.55234375 0.03125 0.06640625
21 0.57890625 0.55078125 0.03125 0.0625
26 0.34375 0.34609375 0.0390625 0.03515625
31 0.4828125 0.5484375 0.0296875 0.06015625
22 0.6578125 0.4125 0.03125 0.0484375
22 0.571875 0.2859375 0.02734375 0.05859375
5 0.4140625 0.60625 0.0328125 0.0671875
24 0.34765625 0.31484375 0.03984375 0.03515625
14 0.5140625 0.23515625 0.02578125 0.04140625
24 0.56953125 0.23515625 0.02578125 0.04140625
27 0.4171875 0.54765625 0.03203125 0.053125
5 0.5421875 0.23671875 0.02578125 0.04140625
15 0.32578125 0.09609375 0.0265625 0.05078125
18 0.30078125 0.096875 0.02578125 0.0515625
6 0.65859375 0.453125 0.0390625 0.0390625
27 0.48671875 0.23515625 0.02578125 0.0421875
30 0.37890625 0.4140625 0.03984375 0.03515625
27 0.3828125 0.35 0.0375 0.0375
9 0.3421875 0.37890625 0.0390625 0.0375
24 0.38046875 0.38046875 0.03828125 0.03828125
29 0.62109375 0.4984375 0.03984375 0.05625
28 0.6171875 0.41796875 0.03984375 0.04140625
31 0.37578125 0.45390625 0.04140625 0.03984375
31 0.61484375 0.38203125 0.0390625 0.034375
27 0.61875 0.453125 0.040625 0.0421875
29 0.375 0.4953125 0.040625 0.05546875
28 0.61171875 0.31875 0.03671875 0.03828125
1 0.02890625 0.11328125 0.0296875 0.07109375
32 0.3390625 0.41953125 0.0390625 0.053125
33 0.2765625 0.096875 0.0265625 0.05
21 0.66171875 0.4984375 0.03984375 0.053125
28 0.61328125 0.35234375 0.0375 0.03984375
12 0.35546875 0.0921875 0.0328125 0.04375
33 0.25234375 0.09765625 0.02890625 0.05
3 0.07890625 0.74609375 0.0484375 0.06640625
6 0.07109375 0.80234375 0.05625 0.05859375
9 0.06484375 0.85859375 0.05859375 0.06953125
33 0.22265625 0.09375 0.034375 0.04296875
21 0.3890625 0.92109375 0.05 0.13125
15 0.4578125 0.28046875 0.02890625 0.05078125