24 0.3765625 0.48203125 0.0390625 0.0578125
33 0.815625 0.146875 0.03515625 0.03046875
11 0.58671875 0.92109375 0.0484375 0.13828125
28 0.6171875 0.36328125 0.0375 0.0375
18 0.61796875 0.4015625 0.0390625 0.04453125
12 0.378125 0.43515625 0.03984375 0.046875
28 0.38046875 0.4 0.0375 0.040625
24 0.43515625 0.92109375 0.04765625 0.1328125
24 0.3828125 0.36484375 0.03984375 0.04375
33 0.82890625 0.20625 0.0375 0.0421875
9 0.5703125 0.209375 0.02734375 0.04609375
2 0.38515625 0.3265625 0.0390625 0.03984375
0 0.0296875 0.0796875 0.03203125 0.071875
18 0.3390625 0.9203125 0.04765625 0.1375
10 0.53515625 0.921875 0.05078125 0.1390625
32 0.80234375 0.059375 0.034375 0.034375
14 0.83515625 0.24296875 0.040625 0.03359375
22 0.621875 0.484375 0.03984375 0.05625
12 0.2390625 0.92109375 0.04921875 0.1390625
32 0.8125 0.115625 0.03359375 0.04140625
1 0.4875 0.259375 0.0265625 0.059375
17 0.634375 0.9203125 0.04921875 0.1375
29 0.56953125 0.25859375 0.0265625 0.05390625
21 0.38671875 0.92109375 0.05078125 0.134375
31 0.51484375 0.25546875 0.025 0.0640625
9 0.46015625 0.259375 0.02578125 0.05859375
23 0.7328125 0.92109375 0.04921875 0.13671875
2 0.4171875 0.53828125 0.03046875 0.0703125
2 0.43359375 0.26015625 0.02734375 0.059375
7 0.62109375 0.43671875 0.03828125 0.04453125
30 0.6140625 0.33046875 0.0359375 0.0390625
25 0.5421875 0.25703125 0.03046875 0.0640625
14 0.8484375 0.3296875 0.040625 0.05234375
19 0.45078125 0.53828125 0.034375 0.06953125
15 0.29140625 0.9203125 0.0484375 0.1390625
33 0.82109375 0.1796875 0.04140625 0.04140625
14 0.84453125 0.2796875 0.0296875 0.04296875
29 0.3859375 0.29140625 0.034375 0.0375
23 0.79921875 0.9203125 0.04921875 0.13828125
27 0.2203125 0.06328125 0.03046875 0.05
6 0.14140625 0.9203125 0.0484375 0.1328125
12 0.18984375 0.91875 0.0484375 0.1390625
4 0.48671875 0.91953125 0.0453125 0.13515625
17 0.68515625 0.91953125 0.0484375 0.1328125
32 0.80625 0.08125 0.03671875 0.03046875
27 0.2484375 0.05 0.03125 0.02734375
27 0.278125 0.06171875 0.0296875 0.05390625