33 0.43203125 0.25390625 0.0265625 0.05390625
9 0.2390625 0.91953125 0.05078125 0.140625
9 0.79765625 0.91796875 0.0484375 0.13515625
5 0.6125 0.29296875 0.0375 0.03671875
19 0.63359375 0.92109375 0.04921875 0.1359375
25 0.38203125 0.35859375 0.03984375 0.04140625
29 0.415625 0.59609375 0.03203125 0.0703125
30 0.6171875 0.4 0.03828125 0.0390625
5 0.61484375 0.325 0.03828125 0.03515625
13 0.53671875 0.92265625 0.05 0.13671875
2 0.38046875 0.43515625 0.03828125 0.0453125
6 0.4875 0.2546875 0.02734375 0.05234375
32 0.5140625 0.53828125 0.03046875 0.06796875
2 0.66171875 0.43359375 0.03984375 0.040625
25 0.665625 0.48203125 0.0375 0.05390625
25 0.48125 0.540625 0.03203125 0.0671875
19 0.5859375 0.921875 0.05 0.13671875
0 0.62421875 0.4796875 0.040625 0.0625
26 0.0296875 0.08125 0.03046875 0.07265625
18 0.28984375 0.92109375 0.05078125 0.13828125
8 0.54609375 0.5375 0.0296875 0.06875
18 0.33828125 0.92109375 0.05 0.13828125
30 0.446875 0.5953125 0.03125 0.07109375
29 0.34453125 0.3234375 0.034375 0.0359375
27 0.57109375 0.25625 0.0265625 0.06015625
13 0.4859375 0.92265625 0.04921875 0.13984375
26 0.51484375 0.20546875 0.025 0.03828125
2 0.56953125 0.2078125 0.0265625 0.04140625
3 0.375 0.48359375 0.03046875 0.0734375
32 0.38359375 0.321875 0.03984375 0.0359375
31 0.21796875 0.06328125 0.0265625 0.0515625
3 0.3421875 0.36953125 0.0375 0.05546875
31 0.2765625 0.0640625 0.03125 0.05390625
23 0.6171875 0.36328125 0.03671875 0.040625
24 0.459375 0.25390625 0.025 0.0484375
5 0.4171875 0.53359375 0.02890625 0.05859375
27 0.57890625 0.53671875 0.03046875 0.06953125
27 0.3859375 0.2921875 0.034375 0.0375
8 0.34765625 0.290625 0.03515625 0.03671875
30 0.4484375 0.5328125 0.03046875 0.05546875
7 0.38828125 0.921875 0.0484375 0.13515625
24 0.61953125 0.4359375 0.0390625 0.04140625
22 0.51484375 0.25234375 0.0265625 0.0515625
26 0.54140625 0.209375 0.02734375 0.04375
6 0.1890625 0.91875 0.05234375 0.134375
30 0.54296875 0.25390625 0.02578125 0.05625
28 0.734375 0.9203125 0.05 0.1390625
31 0.2453125 0.06328125 0.03125 0.05234375
17 0.3796875 0.3921875 0.0390625 0.0328125
10 0.4359375 0.9203125 0.0484375 0.12890625
28 0.684375 0.91875 0.0484375 0.1375
6 0.13984375 0.9171875 0.0453125 0.13359375