12 0.140625 0.92109375 0.0484375 0.12578125
12 0.1890625 0.921875 0.05 0.13046875
15 0.2390625 0.91953125 0.05 0.13203125
15 0.28828125 0.921875 0.05078125 0.13203125
18 0.3375 0.921875 0.0484375 0.13125
19 0.38671875 0.921875 0.04765625 0.13125
22 0.43515625 0.9203125 0.04765625 0.1328125
25 0.4859375 0.9203125 0.04921875 0.13046875
8 0.5359375 0.9234375 0.0484375 0.12734375
8 0.584375 0.91796875 0.0484375 0.13046875
11 0.63359375 0.9203125 0.04765625 0.13046875
14 0.68203125 0.91875 0.04609375 0.13046875
14 0.7328125 0.9171875 0.05078125 0.1265625
26 0.06015625 0.11328125 0.03125 0.071875
18 0.0296875 0.11328125 0.0296875 0.07109375
17 0.5125 0.66640625 0.03359375 0.0734375
22 0.4453125 0.66484375 0.03359375 0.07578125
26 0.578125 0.61015625 0.0328125 0.06953125
3 0.5453125 0.60625 0.03203125 0.07578125
31 0.478125 0.66875 0.03359375 0.0734375
23 0.41171875 0.665625 0.034375 0.06875
21 0.41328125 0.60234375 0.034375 0.0578125
1 0.5125 0.60625 0.03125 0.06171875
5 0.4484375 0.5484375 0.03125 0.05546875
4 0.5453125 0.546875 0.03046875 0.0546875
1 0.4796875 0.60546875 0.03203125 0.05703125
26 0.66328125 0.49765625 0.04140625 0.05625
27 0.33359375 0.09609375 0.02578125 0.05078125
6 0.57890625 0.546875 0.03203125 0.05234375
32 0.446875 0.6015625 0.03203125 0.05546875
27 0.35859375 0.096875 0.025 0.0515625
30 0.5140625 0.28203125 0.0265625 0.059375
29 0.51328125 0.546875 0.03125 0.0546875
27 0.384375 0.096875 0.02421875 0.0515625
28 0.41640625 0.54375 0.0328125 0.05078125
31 0.48125 0.54765625 0.03359375 0.05546875
32 0.3359375 0.4515625 0.03984375 0.04140625
30 0.62109375 0.4984375 0.04140625 0.05625
23 0.37421875 0.496875 0.040625 0.06015625
9 0.7 0.45546875 0.03984375 0.040625
12 0.48515625 0.28125 0.0265625 0.0609375
29 0.54296875 0.28203125 0.028125 0.05703125
27 0.3046875 0.09375 0.0328125 0.04609375
6 0.2984375 0.4203125 0.03671875 0.05
20 0.65390625 0.3828125 0.040625 0.040625
20 0.3078125 0.3140625 0.040625 0.03359375
6 0.61171875 0.32109375 0.03671875 0.04296875
4 0.65859375 0.45390625 0.040625 0.0390625
21 0.3015625 0.38125 0.0390625 0.03984375
1 0.61640625 0.41875 0.040625 0.0421875
3 0.346875 0.31484375 0.03828125 0.03359375
2 0.7 0.41953125 0.0390625 0.0390625
33 0.20521861718749998 0.0943847078125 0.20662905468749998 0.1194743125 0.22708039531250002 0.12186380000000001 0.2306064875 0.1111111109375 0.232016925 0.0740740734375 0.2108603671875 0.07287933125 0.20521861718749998 0.0943847078125
33 0.23272214375 0.07765830312500001 0.2306064875 0.0919952203125 0.23272214375 0.1111111109375 0.2623413265625 0.11230585468750001 0.2637517625 0.07287933125 0.23695345625000003 0.0716845875 0.23272214375 0.07765830312500001
33 0.26586741875 0.0740740734375 0.26304654375 0.09318996406249999 0.2623413265625 0.10752688125000001 0.2651622 0.12066905624999999 0.286318759375 0.12066905624999999 0.2891396328125 0.0740740734375 0.26868829375000003 0.0716845875 0.26586741875 0.0740740734375
32 0.5564174890625 0.3094384703125 0.581805359375 0.307048984375 0.584626234375 0.296296296875 0.581805359375 0.2556750296875 0.5564174890625 0.2568697734375 0.5564174890625 0.3094384703125
20 0.46967559999999997 0.3094384703125 0.47108603593750004 0.258064515625 0.4456981671875 0.2568697734375 0.4449929484375 0.3094384703125 0.46967559999999997 0.3094384703125
2 0.4428772921875 0.3094384703125 0.4435825109375 0.258064515625 0.41748942187500004 0.258064515625 0.41748942187500004 0.3094384703125 0.4428772921875 0.3094384703125
29 0.418194640625 0.25328554375 0.4435825109375 0.2508960578125 0.4442877296875 0.21744325 0.4421720734375 0.2138590203125 0.418194640625 0.21624850625 0.418194640625 0.25328554375
6 0.46967559999999997 0.2508960578125 0.47038081875 0.21624850625 0.4456981671875 0.21744325 0.4456981671875 0.25328554375 0.46967559999999997 0.2508960578125
30 0.4732016921875 0.25448028749999996 0.4985895625 0.2520908 0.497179125 0.21624850625 0.48095909687500005 0.2150537640625 0.4732016921875 0.2198327359375 0.4732016921875 0.25448028749999996
3 0.5014104374999999 0.25328554375 0.5260930890625 0.2508960578125 0.5260930890625 0.2198327359375 0.5239774328125 0.2150537640625 0.5014104374999999 0.2138590203125 0.5014104374999999 0.25328554375
17 0.5543018328125 0.2520908 0.552186178125 0.21624850625 0.5289139640625 0.2150537640625 0.5289139640625 0.25448028749999996 0.5543018328125 0.2520908
31 0.5571227078125001 0.2258064515625 0.5571227078125001 0.25448028749999996 0.581805359375 0.2508960578125 0.5789844859375 0.21624850625 0.5599435828125 0.21624850625 0.5571227078125001 0.2258064515625
24 0.5543018328125 0.21027479062499999 0.5571227078125001 0.22102747968749997 0.5789844859375 0.21266427656250003 0.5775740484375 0.1780167265625 0.5550070515625001 0.1780167265625 0.5543018328125 0.21027479062499999
24 0.5289139640625 0.2150537640625 0.552186178125 0.21266427656250003 0.552186178125 0.18279569843750001 0.550070521875 0.1792114703125 0.5282087453125001 0.1792114703125 0.5289139640625 0.2150537640625
23 0.5253878703125 0.21027479062499999 0.5239774328125 0.1804062125 0.5007052187500001 0.1792114703125 0.50211565625 0.211469534375 0.5253878703125 0.21027479062499999
10 0.49788434375 0.21266427656250003 0.49788434375 0.18160095625 0.47390691093750004 0.1804062125 0.4732016921875 0.2138590203125 0.49788434375 0.21266427656250003
21 0.44640338437500005 0.21266427656250003 0.47038081875 0.21266427656250003 0.46967559999999997 0.1792114703125 0.44922425937500005 0.1780167265625 0.44640338437500005 0.18160095625 0.44640338437500005 0.21266427656250003
21 0.44640338437500005 0.21266427656250003 0.47038081875 0.21266427656250003 0.46967559999999997 0.1792114703125 0.44922425937500005 0.1780167265625 0.44640338437500005 0.18160095625 0.44640338437500005 0.21266427656250003
13 0.420310296875 0.211469534375 0.4421720734375 0.2090800484375 0.4442877296875 0.1804062125 0.42524682656249996 0.1768219828125 0.41960507812500003 0.18279569843750001 0.420310296875 0.211469534375
23 0.65703125 0.41640625 0.0390625 0.0359375
23 0.65703125 0.4140625 0.03671875 0.0328125
23 0.6720733421875 0.40143369218749997 0.6452750359375 0.39904420625000003 0.6375176296875 0.40262843437500007 0.6424541609375 0.4121863796875 0.6382228484375 0.4241338109375 0.6396332859375 0.4348865 0.6748942171875 0.43369175625 0.6763046546875 0.4301075265625 0.6720733421875 0.40143369218749997
28 0.6311706625 0.320191159375 0.63469675625 0.32974910468749996 0.6671368125 0.32974910468749996 0.6643159375 0.29868578281249997 0.6311706625 0.299880525 0.6311706625 0.320191159375
28 0.63328631875 0.332138590625 0.6325811 0.356033453125 0.63469675625 0.3632019109375 0.66925246875 0.36200716875 0.66854725 0.33811230625 0.665726375 0.332138590625 0.63328631875 0.332138590625
28 0.3709449921875 0.29868578281249997 0.36812411875 0.305854240625 0.3674189 0.3273596171875 0.36953455625 0.32974910468749996 0.40338504999999997 0.3273596171875 0.40338504999999997 0.305854240625 0.40056417499999997 0.29868578281249997 0.3709449921875 0.29868578281249997
30 0.5014104374999999 0.308243728125 0.5253878703125 0.3094384703125 0.5282087453125001 0.296296296875 0.5267983078125 0.2568697734375 0.5007052187500001 0.2568697734375 0.5014104374999999 0.308243728125
30 0.6036671375 0.5256869765625 0.6403385046875 0.5256869765625 0.6424541609375 0.5077658296875 0.6389280671875001 0.47431302343750004 0.60155148125 0.475507765625 0.6036671375 0.5256869765625
33 0.279266571875 0.44444444375 0.2757404796875 0.451612903125 0.2757404796875 0.49342891250000004 0.3067700984375 0.49701314218750003 0.3102961921875 0.49342891250000004 0.315232721875 0.46475507812499994 0.313822284375 0.4456391875 0.279266571875 0.44444444375
32 0.352609309375 0.47431302343750004 0.316643159375 0.47311827968750003 0.314527503125 0.476702509375 0.3117066296875 0.499402628125 0.313822284375 0.5221027484375 0.334273625 0.5256869765625 0.348377996875 0.5256869765625 0.35049365312499997 0.5221027484375 0.352609309375 0.47431302343750004
30 0.4746121296875 0.21744325 0.47390691093750004 0.25328554375 0.49788434375 0.2520908 0.49435825156249996 0.24611708437500002 0.49788434375 0.2365591390625 0.497179125 0.21624850625 0.4746121296875 0.21744325
30 0.4859375 0.23359375 0.02265625 0.040625
11 0.2919605078125 0.332138590625 0.287023978125 0.3512544796875 0.28772919531249996 0.36200716875 0.3215796890625 0.36200716875 0.3244005640625 0.356033453125 0.3244005640625 0.3345280765625 0.32228490781249997 0.330943846875 0.2919605078125 0.332138590625
17 0.3272214390625 0.36200716875 0.3610719328125 0.360812425 0.3617771515625 0.330943846875 0.33356840625 0.32974910468749996 0.3272214390625 0.3357228203125 0.3272214390625 0.36200716875
7 0.36953455625 0.32974910468749996 0.36671368125 0.3345280765625 0.3660084625 0.354838709375 0.3688293375 0.360812425 0.3991537375 0.36439665468750004 0.4019746125 0.360812425 0.4019746125 0.332138590625 0.36953455625 0.32974910468749996
4 0.3617771515625 0.3775388296875 0.3624823703125 0.40023894843749996 0.36953455625 0.3954599765625 0.39703808125 0.39784946250000003 0.39985895625 0.3655913984375 0.36530324375 0.3632019109375 0.3617771515625 0.3775388296875
5 0.36671368125 0.39904420625000003 0.3624823703125 0.40023894843749996 0.3610719328125 0.40860215 0.3610719328125 0.4324970125 0.39703808125 0.43369175625 0.39844851875 0.4301075265625 0.39985895625 0.403823178125 0.39703808125 0.39904420625000003 0.36671368125 0.39904420625000003
2 0.3589562765625 0.46953405000000004 0.3956276453125 0.46833930781250005 0.3963328625 0.4348865 0.3617771515625 0.43369175625 0.3589562765625 0.438470728125 0.3589562765625 0.46953405000000004
0 0.31875881562499997 0.4109916375 0.317348378125 0.426523296875 0.3208744703125 0.4348865 0.3554301828125 0.43369175625 0.3582510578125 0.40023894843749996 0.3244005640625 0.39665471874999997 0.31875881562499997 0.4109916375
0 0.3589562765625 0.3632019109375 0.334273625 0.360812425 0.3236953453125 0.367980884375 0.3215796890625 0.3823178015625 0.3236953453125 0.39665471874999997 0.3554301828125 0.39904420625000003 0.3596614953125 0.3942652328125 0.3610719328125 0.3655913984375 0.3589562765625 0.3632019109375
24 0.683356840625 0.47431302343750004 0.686882934375 0.5209080046875 0.7172073343750001 0.523297490625 0.7249647390625 0.517323775 0.7235543015625 0.4838709671875 0.720028209375 0.47431302343750004 0.683356840625 0.47431302343750004
29 0.599435825 0.463560334375 0.6022567 0.47311827968750003 0.6389280671875001 0.47072879375000004 0.6368124125 0.4372759859375 0.60014104375 0.4372759859375 0.599435825 0.463560334375
5 0.63328631875 0.40023894843749996 0.6311706625 0.367980884375 0.59661495 0.36678614062500003 0.5973201687499999 0.39904420625000003 0.63328631875 0.40023894843749996
31 0.63046544375 0.3345280765625 0.59661495 0.3333333328125 0.5944992953125 0.3345280765625 0.5944992953125 0.35005973749999997 0.5973201687499999 0.3655913984375 0.629760225 0.36678614062500003 0.6325811 0.3632019109375 0.63046544375 0.3345280765625