0 0.1421875 0.92109375 0.04765625 0.1265625
0 0.1890625 0.91953125 0.0484375 0.1296875
1 0.2390625 0.9203125 0.05078125 0.13046875
4 0.33671875 0.92109375 0.04921875 0.125
4 0.28828125 0.91953125 0.04921875 0.12890625
7 0.3875 0.921875 0.05 0.1203125
7 0.4375 0.91953125 0.0515625 0.13125
19 0.58515625 0.9203125 0.0484375 0.1328125
16 0.53515625 0.9203125 0.04921875 0.13203125
32 0.078125 0.74453125 0.0484375 0.0640625
14 0.6328125 0.9203125 0.046875 0.13125
20 0.73203125 0.91953125 0.0484375 0.1328125
26 0.4484375 0.6078125 0.0359375 0.06953125
2 0.41328125 0.60625 0.0328125 0.0625
22 0.796875 0.9171875 0.0484375 0.1296875
32 0.48125 0.55234375 0.03203125 0.0671875
17 0.684375 0.92265625 0.05078125 0.1328125
32 0.07265625 0.80234375 0.0546875 0.06015625
23 0.5453125 0.553125 0.03203125 0.0671875
5 0.5125 0.55390625 0.03046875 0.06640625
32 0.06640625 0.85703125 0.059375 0.0671875
27 0.4484375 0.54765625 0.0328125 0.05625
29 0.41640625 0.54765625 0.0328125 0.05625
2 0.6609375 0.49921875 0.0390625 0.05703125
20 0.3734375 0.49375 0.0390625 0.05625
17 0.5796875 0.55546875 0.03984375 0.05859375
30 0.61796875 0.45625 0.03984375 0.04765625
26 0.61875 0.49765625 0.040625 0.05546875
1 0.09453125 0.69765625 0.0546875 0.06640625
25 0.340625 0.38671875 0.0390625 0.05234375
28 0.61640625 0.41875 0.03984375 0.04296875
3 0.03046875 0.1125 0.03046875 0.0703125
21 0.5421875 0.284375 0.02734375 0.0578125
1 0.10546875 0.596875 0.04296875 0.0578125
25 0.57109375 0.28515625 0.028125 0.05546875
8 0.37734375 0.4515625 0.040625 0.04453125
30 0.38359375 0.3796875 0.0375 0.03984375
24 0.5140625 0.28359375 0.0265625 0.05703125
26 0.659375 0.45390625 0.03828125 0.0375
0 0.45859375 0.284375 0.028125 0.05859375
5 0.48671875 0.28515625 0.028125 0.0578125
30 0.61484375 0.384375 0.0390625 0.04375
29 0.6109375 0.31875 0.0375 0.040625
1 0.1015625 0.6484375 0.05234375 0.0546875
27 0.3453125 0.315625 0.03515625 0.0375
24 0.38203125 0.34453125 0.03671875 0.0390625
0 0.384375 0.315625 0.03515625 0.0375
11 0.38125 0.41484375 0.0390625 0.040625
33 0.43046875 0.284375 0.02734375 0.059375
3 0.34453125 0.34765625 0.0390625 0.03671875
29 0.6140625 0.3515625 0.03984375 0.04296875
10 0.48671875 0.92109375 0.04609375 0.1296875