33 0.92421875 0.9171875 0.04609375 0.08828125
33 0.83671875 0.91796875 0.04453125 0.08984375
33 0.88203125 0.9265625 0.05703125 0.0734375
29 0.3859375 0.328125 0.03671875 0.04296875
19 0.3390625 0.921875 0.05 0.1375
12 0.5140625 0.534375 0.0265625 0.05390625
22 0.3859375 0.921875 0.05 0.1375
21 0.54765625 0.66015625 0.0328125 0.06875
24 0.41484375 0.6578125 0.03125 0.075
26 0.3484375 0.28984375 0.03359375 0.0328125
29 0.48671875 0.25703125 0.028125 0.06640625
20 0.70546875 0.484375 0.04296875 0.05
3 0.48125 0.59140625 0.03125 0.06171875
30 0.5140625 0.659375 0.03515625 0.0734375
30 0.48203125 0.53359375 0.03359375 0.05703125
16 0.2921875 0.92265625 0.04921875 0.13671875
4 0.3453125 0.3265625 0.0390625 0.0375
31 0.51640625 0.25546875 0.02890625 0.06953125
1 0.48671875 0.20703125 0.028125 0.03828125
5 0.6171875 0.36171875 0.040625 0.03671875
24 0.44765625 0.65859375 0.0328125 0.075
6 0.43046875 0.25859375 0.028125 0.065625
24 0.3109375 0.29140625 0.03828125 0.0359375
27 0.67734375 0.91640625 0.04140625 0.08671875
9 0.3078125 0.3265625 0.0390625 0.04296875
17 0.659375 0.43359375 0.040625 0.04296875
30 0.51328125 0.58984375 0.03125 0.0609375
20 0.3421875 0.40078125 0.04140625 0.0421875
27 0.753125 0.91640625 0.0421875 0.090625
16 0.23828125 0.92109375 0.05 0.1359375
5 0.38125 0.39453125 0.03828125 0.034375
31 0.37890625 0.4328125 0.03984375 0.046875
7 0.61953125 0.43203125 0.0390625 0.0390625
27 0.7125 0.915625 0.04375 0.08828125
6 0.546875 0.59296875 0.03203125 0.06328125
10 0.140625 0.92109375 0.04921875 0.13515625
29 0.45078125 0.53515625 0.03046875 0.059375
13 0.50234375 0.92109375 0.0484375 0.13671875
21 0.696875 0.39921875 0.04296875 0.03984375
0 0.659375 0.39609375 0.03828125 0.03984375
3 0.665625 0.48125 0.03984375 0.0546875
32 0.65 0.29140625 0.040625 0.03828125
28 0.5703125 0.2578125 0.03203125 0.05625
28 0.621875 0.48203125 0.03984375 0.05625
30 0.3890625 0.29140625 0.03515625 0.03828125
6 0.6953125 0.3546875 0.03359375 0.04375
6 0.37578125 0.47890625 0.04296875 0.0546875
2 0.61328125 0.3265625 0.0359375 0.03671875
28 0.33359375 0.4734375 0.03984375 0.0515625
23 0.3421875 0.3578125 0.040625 0.040625
32 0.653125 0.32734375 0.03984375 0.04140625
11 0.7015625 0.4359375 0.04140625 0.03984375
31 0.5140625 0.1671875 0.02890625 0.040625
18 0.03046875 0.08125 0.03203125 0.07109375
27 0.8015625 0.92265625 0.04921875 0.078125
28 0.3375 0.4296875 0.040625 0.0515625
21 0.56953125 0.203125 0.02734375 0.04375
25 0.4375 0.92265625 0.0546875 0.1359375
4 0.45703125 0.25546875 0.0265625 0.06171875
17 0.4484375 0.59140625 0.0328125 0.06484375
23 0.48203125 0.66015625 0.034375 0.07578125
29 0.5796875 0.5984375 0.034375 0.075
26 0.0578125 0.0796875 0.02578125 0.07109375
23 0.5671875 0.16484375 0.025 0.03984375
26 0.43125 0.20859375 0.02421875 0.0421875
31 0.41640625 0.59296875 0.03359375 0.0640625
2 0.57734375 0.53046875 0.03203125 0.05078125
20 0.54375 0.53515625 0.0328125 0.05859375
2 0.30625 0.3671875 0.0421875 0.0484375
5 0.54296875 0.25546875 0.028125 0.0671875
0 0.65859375 0.36015625 0.03671875 0.0390625
32 0.4203125 0.534375 0.03515625 0.0546875
13 0.1890625 0.92109375 0.05078125 0.13515625
1 0.38203125 0.3640625 0.03671875 0.0421875
3 0.45546875 0.20703125 0.028125 0.040625
10 0.51328125 0.6578125 0.03828125 0.0734375
22 0.540625 0.16640625 0.02890625 0.0453125