33 0.4796875 0.59765625 0.03046875 0.07109375
0 0.14140625 0.91953125 0.05078125 0.13359375
0 0.18984375 0.91953125 0.0546875 0.13203125
2 0.48671875 0.921875 0.046875 0.13828125
33 0.21796875 0.06328125 0.0296875 0.0515625
33 0.27265625 0.05703125 0.03359375 0.040625
3 0.51484375 0.596875 0.03203125 0.0640625
27 0.028125 0.0796875 0.028125 0.0734375
15 0.33828125 0.921875 0.046875 0.13515625
4 0.79765625 0.91953125 0.04921875 0.13671875
15 0.29140625 0.921875 0.0515625 0.13671875
25 0.4484375 0.53046875 0.03359375 0.05625
13 0.3890625 0.92109375 0.0484375 0.1328125
2 0.53671875 0.921875 0.04765625 0.1375
9 0.34375 0.3578125 0.03671875 0.03515625
33 0.24375 0.0640625 0.028125 0.053125
0 0.2390625 0.9203125 0.05078125 0.13515625
17 0.33515625 0.4328125 0.0421875 0.03984375
5 0.584375 0.9203125 0.04609375 0.13671875
31 0.6171875 0.36015625 0.03984375 0.03046875
21 0.61796875 0.39765625 0.03828125 0.03671875
20 0.48046875 0.534375 0.02734375 0.05078125
3 0.58125 0.596875 0.03359375 0.07421875
8 0.63203125 0.921875 0.046875 0.13359375
20 0.3109375 0.303125 0.03203125 0.05859375
24 0.3453125 0.32578125 0.0359375 0.03515625
11 0.68203125 0.9203125 0.053125 0.13359375
24 0.41640625 0.59375 0.0328125 0.0609375
26 0.621875 0.47734375 0.04453125 0.05078125
0 0.6625 0.4359375 0.03984375 0.04140625
6 0.41328125 0.6546875 0.034375 0.07890625
5 0.61640625 0.3265625 0.03828125 0.0328125
27 0.3390625 0.39375 0.040625 0.0375
21 0.5453125 0.596875 0.0328125 0.07109375
15 0.56875 0.1671875 0.0265625 0.04140625
31 0.51171875 0.53125 0.03125 0.0515625
11 0.37421875 0.47578125 0.040625 0.046875
18 0.56875 0.20703125 0.02890625 0.0453125
21 0.6578125 0.396875 0.0421875 0.04140625
23 0.4484375 0.5984375 0.0328125 0.0703125
17 0.7328125 0.921875 0.05078125 0.13671875
26 0.3859375 0.2890625 0.0375 0.03203125
29 0.57109375 0.25703125 0.0296875 0.05625
25 0.38125 0.3984375 0.03671875 0.040625
24 0.57734375 0.5296875 0.03125 0.05859375
14 0.43359375 0.2046875 0.02421875 0.0421875
29 0.37734375 0.43359375 0.0390625 0.040625
16 0.4359375 0.921875 0.046875 0.13359375
9 0.34609375 0.29140625 0.03515625 0.0390625
6 0.6109375 0.290625 0.0375 0.0359375
28 0.54296875 0.25546875 0.02890625 0.05859375
27 0.65078125 0.290625 0.0359375 0.03359375
16 0.3328125 0.47734375 0.04453125 0.05859375
7 0.3328125 0.06171875 0.02578125 0.05234375
7 0.3078125 0.0609375 0.03359375 0.0484375
7 0.35859375 0.06171875 0.025 0.0515625
6 0.46015625 0.2078125 0.0265625 0.04375
18 0.65625 0.359375 0.03828125 0.034375
1 0.6640625 0.4796875 0.03984375 0.05234375
29 0.41484375 0.5328125 0.03046875 0.0609375
30 0.38515625 0.32578125 0.03671875 0.03671875
22 0.6203125 0.4375 0.0390625 0.03984375
22 0.43125 0.25546875 0.02578125 0.05703125
2 0.653125 0.32421875 0.0375 0.03671875
22 0.51484375 0.20546875 0.021875 0.03984375
26 0.4875 0.2546875 0.025 0.05546875
8 0.5421875 0.20546875 0.0265625 0.04296875
25 0.4609375 0.259375 0.02734375 0.0609375
17 0.4875 0.20703125 0.02421875 0.0390625
27 0.51640625 0.25703125 0.02421875 0.0546875
13 0.540625 0.1640625 0.028125 0.0359375
24 0.54296875 0.52890625 0.0296875 0.05234375
26 0.3828125 0.3578125 0.0390625 0.0375