14 0.584375 0.92421875 0.04921875 0.12734375
33 0.06640625 0.8609375 0.059375 0.0734375
27 0.03125 0.1125 0.03125 0.07734375
27 0.5140625 0.60859375 0.0328125 0.07421875
14 0.5359375 0.92265625 0.046875 0.12734375
3 0.6546875 0.3828125 0.0375 0.04375
12 0.1875 0.9203125 0.04609375 0.128125
31 0.615625 0.38125 0.03828125 0.03828125
15 0.309375 0.31640625 0.034375 0.0359375
17 0.340625 0.415625 0.04140625 0.03828125
21 0.65234375 0.35390625 0.0375 0.03984375
25 0.515625 0.55 0.03125 0.053125
25 0.37734375 0.45390625 0.04140625 0.04609375
7 0.09296875 0.68984375 0.04765625 0.06171875
22 0.34140625 0.38046875 0.040625 0.0359375
21 0.51484375 0.23515625 0.02421875 0.03828125
18 0.2359375 0.92109375 0.05390625 0.1296875
7 0.1125 0.58984375 0.0484375 0.04296875
18 0.48828125 0.2359375 0.02421875 0.03828125
6 0.33828125 0.45234375 0.040625 0.046875
18 0.28984375 0.921875 0.05234375 0.12890625
33 0.07265625 0.8078125 0.05625 0.06328125
14 0.33359375 0.496875 0.040625 0.05
1 0.33828125 0.9234375 0.05234375 0.13125
33 0.08125 0.74609375 0.0484375 0.07109375
19 0.43671875 0.9234375 0.053125 0.12890625
21 0.5140625 0.28671875 0.02578125 0.0625
9 0.48359375 0.61171875 0.028125 0.0703125
18 0.34765625 0.315625 0.034375 0.03046875
6 0.70625 0.4984375 0.04140625 0.04921875
1 0.5703125 0.2375 0.02734375 0.040625
20 0.41796875 0.67109375 0.040625 0.06171875
31 0.4859375 0.28671875 0.02734375 0.0609375
28 0.73203125 0.92265625 0.0484375 0.13203125
30 0.44921875 0.55078125 0.03046875 0.05625
24 0.6125 0.3203125 0.03828125 0.0375
12 0.14140625 0.921875 0.05078125 0.12578125
16 0.5796875 0.60859375 0.03203125 0.0671875
7 0.10703125 0.6390625 0.05 0.05234375
11 0.578125 0.5515625 0.02890625 0.0578125
24 0.66328125 0.49921875 0.04140625 0.05546875
26 0.41640625 0.5484375 0.02890625 0.0484375
27 0.3796875 0.3828125 0.03515625 0.04140625
29 0.62109375 0.49765625 0.0421875 0.05546875
9 0.41484375 0.60859375 0.0328125 0.0625
22 0.37578125 0.4953125 0.03984375 0.05078125
3 0.65 0.31875 0.0375 0.03046875
29 0.384375 0.3171875 0.03828125 0.034375
6 0.43125 0.28671875 0.028125 0.06328125
7 0.1109375 0.61640625 0.0484375 0.04765625
25 0.61875 0.45234375 0.0390625 0.03828125
24 0.6140625 0.34921875 0.034375 0.03984375
29 0.54453125 0.55 0.0296875 0.05234375
17 0.54609375 0.60703125 0.02890625 0.0703125
13 0.30390625 0.3546875 0.034375 0.0484375
27 0.4328125 0.240625 0.02578125 0.0421875
28 0.38515625 0.34921875 0.03828125 0.03984375
33 0.65546875 0.4125 0.0375 0.03984375
25 0.61796875 0.45390625 0.03828125 0.040625
19 0.48515625 0.9234375 0.05 0.128125
5 0.46015625 0.2875 0.03046875 0.06015625
22 0.540625 0.28515625 0.02890625 0.0640625
2 0.46015625 0.2375 0.0265625 0.0390625
28 0.68125 0.92265625 0.05390625 0.13203125
26 0.48125 0.55078125 0.02734375 0.0625
26 0.5703125 0.284375 0.02734375 0.06015625
24 0.45078125 0.609375 0.03515625 0.06796875
23 0.66015625 0.4546875 0.040625 0.0421875
0 0.53984375 0.23671875 0.0296875 0.03984375
26 0.37890625 0.41484375 0.0375 0.03515625
20 0.61640625 0.41328125 0.040625 0.034375
8 0.34609375 0.34765625 0.03984375 0.0328125
31 0.634375 0.92265625 0.046875 0.12578125
1 0.38828125 0.92109375 0.046875 0.1328125