33 0.34375 0.32265625 0.034375 0.03046875
26 0.73203125 0.9203125 0.04765625 0.13671875
9 0.446875 0.65703125 0.03203125 0.06875
17 0.6328125 0.92109375 0.046875 0.1390625
33 0.4484375 0.59140625 0.0328125 0.06171875
16 0.3375 0.921875 0.046875 0.1375
17 0.58359375 0.921875 0.05 0.1390625
30 0.3765625 0.475 0.0390625 0.046875
33 0.51484375 0.25546875 0.025 0.053125
14 0.484375 0.9203125 0.05 0.1328125
27 0.6203125 0.48203125 0.03984375 0.06015625
25 0.384375 0.3234375 0.0359375 0.03515625
11 0.43515625 0.921875 0.0484375 0.1328125
15 0.5796875 0.59609375 0.03515625 0.07265625
27 0.4796875 0.65390625 0.0296875 0.06640625
9 0.29609375 0.43125 0.040625 0.03671875
31 0.5125 0.53125 0.03046875 0.05546875
31 0.37734375 0.43125 0.04140625 0.03984375
4 0.615625 0.36015625 0.03984375 0.03515625
19 0.66328125 0.48125 0.0390625 0.0546875
24 0.48203125 0.59140625 0.0328125 0.05859375
22 0.38671875 0.921875 0.0484375 0.134375
18 0.51484375 0.59140625 0.03515625 0.059375
9 0.64921875 0.28984375 0.03671875 0.03203125
21 0.38046875 0.39453125 0.03984375 0.03984375
0 0.30703125 0.28984375 0.03671875 0.03046875
20 0.34765625 0.2890625 0.034375 0.03515625
5 0.5140625 0.65546875 0.03203125 0.078125
7 0.2890625 0.92109375 0.04921875 0.1359375
32 0.83203125 0.2328125 0.0390625 0.034375
30 0.6546875 0.359375 0.03515625 0.034375
4 0.12890625 0.4453125 0.0328125 0.05
3 0.7046875 0.4796875 0.03984375 0.0546875
19 0.43203125 0.20546875 0.02734375 0.0390625
0 0.54609375 0.59609375 0.03515625 0.07265625
25 0.5671875 0.165625 0.028125 0.03828125
21 0.33359375 0.4765625 0.040625 0.04765625
19 0.30546875 0.321875 0.03828125 0.03203125
18 0.41484375 0.590625 0.03046875 0.05546875
3 0.071875 0.78671875 0.046875 0.06015625
6 0.14140625 0.91875 0.05078125 0.13203125
13 0.69609375 0.359375 0.0359375 0.03359375
28 0.61875 0.396875 0.0390625 0.034375
24 0.29296875 0.4734375 0.04296875 0.05078125
23 0.68203125 0.9203125 0.0515625 0.13359375
24 0.4296875 0.2546875 0.02734375 0.0546875
3 0.0640625 0.85234375 0.05234375 0.06484375
8 0.846875 0.4671875 0.03515625 0.065625
18 0.61171875 0.29140625 0.03515625 0.03046875
28 0.4859375 0.25859375 0.028125 0.0609375
7 0.12734375 0.49453125 0.04765625 0.0421875
28 0.4875 0.2078125 0.02578125 0.0421875
30 0.5765625 0.53125 0.02890625 0.0546875
20 0.4125 0.65234375 0.03203125 0.06796875
23 0.08671875 0.078125 0.028125 0.07421875
4 0.02890625 0.08125 0.028125 0.07109375
17 0.5359375 0.91953125 0.04765625 0.13203125
18 0.4578125 0.25546875 0.02578125 0.06015625
25 0.53984375 0.16640625 0.028125 0.0375
0 0.65234375 0.321875 0.0375 0.03515625
10 0.459375 0.20625 0.02578125 0.04140625
8 0.85859375 0.3765625 0.0421875 0.03515625
19 0.05859375 0.08046875 0.02890625 0.06953125
2 0.83828125 0.26484375 0.04296875 0.03515625
1 0.81015625 0.11015625 0.03671875 0.03203125
2 0.8453125 0.296875 0.0421875 0.03359375
21 0.38125 0.35703125 0.0359375 0.03515625
0 0.2984375 0.39375 0.04140625 0.0375
24 0.66015625 0.434375 0.03984375 0.0359375
9 0.30234375 0.35703125 0.0375 0.03515625
14 0.61328125 0.32421875 0.0375 0.03515625
20 0.65703125 0.3953125 0.0390625 0.0375
31 0.5421875 0.25546875 0.02734375 0.0546875
29 0.33671875 0.43203125 0.0359375 0.040625
1 0.8078125 0.0828125 0.0328125 0.02578125
29 0.3859375 0.2890625 0.03359375 0.03046875
8 0.86328125 0.41484375 0.046875 0.0390625
10 0.12109375 0.53515625 0.04765625 0.04609375
14 0.33984375 0.39453125 0.03828125 0.034375
16 0.09609375 0.625 0.034375 0.06484375
29 0.4171875 0.53359375 0.03046875 0.05703125
16 0.09296875 0.684375 0.05 0.05
5 0.70234375 0.43515625 0.0390625 0.03515625
10 0.340625 0.359375 0.03671875 0.034375
7 0.18984375 0.92109375 0.04765625 0.13203125
32 0.8296875 0.20390625 0.03828125 0.03671875
14 0.7 0.39765625 0.04140625 0.03828125
16 0.11171875 0.58125 0.04296875 0.0546875
26 0.54453125 0.53125 0.03125 0.0515625
33 0.4484375 0.5328125 0.0296875 0.05625
3 0.08515625 0.7328125 0.05234375 0.05859375
27 0.4796875 0.53203125 0.0296875 0.0515625
8 0.878125 0.46484375 0.03828125 0.06875
26 0.56953125 0.2546875 0.0265625 0.0546875
7 0.23984375 0.92109375 0.04921875 0.13125
2 0.85546875 0.33671875 0.028125 0.046875
29 0.56875 0.2046875 0.02421875 0.04375
26 0.54140625 0.20703125 0.0234375 0.04296875
20 0.51484375 0.20703125 0.0234375 0.0421875
25 0.61953125 0.43359375 0.0390625 0.0390625
32 0.825 0.1671875 0.0234375 0.0359375