30 0.5140625 0.60859375 0.0328125 0.07109375
24 0.14140625 0.921875 0.05234375 0.1296875
27 0.61875 0.4578125 0.03671875 0.040625
24 0.1890625 0.9203125 0.05234375 0.128125
0 0.61484375 0.35234375 0.0359375 0.03359375
1 0.4875 0.28671875 0.028125 0.05859375
28 0.384375 0.3515625 0.0375 0.0359375
0 0.51484375 0.23515625 0.028125 0.03984375
8 0.53671875 0.92265625 0.0484375 0.12890625
13 0.38828125 0.92265625 0.046875 0.1296875
10 0.33984375 0.92265625 0.05078125 0.13125
11 0.63515625 0.92265625 0.04765625 0.13125
33 0.6625 0.49921875 0.04140625 0.05625
23 0.5453125 0.55234375 0.03125 0.0578125
16 0.4859375 0.9234375 0.0453125 0.13125
27 0.57109375 0.2859375 0.028125 0.05859375
28 0.3828125 0.3828125 0.0375 0.03203125
19 0.3484375 0.31640625 0.03828125 0.03828125
3 0.48125 0.6125 0.0296875 0.06953125
22 0.5796875 0.553125 0.03046875 0.0671875
1 0.34453125 0.34921875 0.03515625 0.03828125
0 0.62109375 0.50078125 0.0421875 0.05703125
2 0.61484375 0.38828125 0.0359375 0.0359375
27 0.3859375 0.31484375 0.0359375 0.0328125
26 0.43046875 0.28515625 0.03359375 0.0625
31 0.79765625 0.92265625 0.05078125 0.1328125
20 0.44921875 0.609375 0.03046875 0.0734375
14 0.68359375 0.921875 0.05 0.13046875
22 0.65859375 0.4578125 0.04140625 0.0421875
8 0.48828125 0.2375 0.0234375 0.040625
8 0.5828125 0.921875 0.04921875 0.13125
25 0.44765625 0.55234375 0.0296875 0.0546875
2 0.3796875 0.41640625 0.0359375 0.0390625
26 0.4828125 0.55078125 0.028125 0.05703125
18 0.5140625 0.55 0.0265625 0.0578125
31 0.41796875 0.55 0.03046875 0.06171875
14 0.7328125 0.921875 0.04765625 0.13046875
24 0.5140625 0.28828125 0.02578125 0.06171875
29 0.65859375 0.42109375 0.03828125 0.03515625
25 0.03046875 0.1140625 0.03203125 0.075
11 0.61171875 0.32265625 0.0375 0.03515625
29 0.34140625 0.4265625 0.04140625 0.053125
7 0.28828125 0.92265625 0.053125 0.1296875
25 0.3765625 0.49921875 0.0375 0.0515625
2 0.41640625 0.6125 0.03125 0.06875
29 0.56875 0.23984375 0.0265625 0.0421875
10 0.34140625 0.3828125 0.03515625 0.0375
30 0.21953125 0.0984375 0.02578125 0.05
29 0.540625 0.28671875 0.02890625 0.0640625
31 0.540625 0.23828125 0.025 0.04375
30 0.24296875 0.09765625 0.02578125 0.05078125
32 0.3765625 0.45390625 0.0375 0.04140625
28 0.61640625 0.4140625 0.03671875 0.034375
30 0.2734375 0.09375 0.0328125 0.04296875
1 0.23984375 0.921875 0.04453125 0.13046875
13 0.4375 0.92265625 0.05 0.134375
18 0.4578125 0.284375 0.02890625 0.05625