5 0.5828125 0.92109375 0.046875 0.13828125
30 0.61328125 0.328125 0.03671875 0.0421875
29 0.4796875 0.65703125 0.03359375 0.0703125
0 0.140625 0.91875 0.04921875 0.1328125
33 0.38359375 0.32265625 0.03828125 0.03359375
21 0.6171875 0.3984375 0.03828125 0.04375
33 0.6515625 0.3171875 0.03984375 0.0421875
20 0.4875 0.20703125 0.02734375 0.04140625
27 0.30234375 0.35703125 0.0375 0.03515625
32 0.38046875 0.3953125 0.04140625 0.03828125
17 0.73203125 0.921875 0.0484375 0.1375
2 0.34609375 0.3234375 0.03984375 0.0359375
11 0.63359375 0.9203125 0.04921875 0.13671875
30 0.33359375 0.48046875 0.04140625 0.05625
14 0.46015625 0.16640625 0.02578125 0.04140625
26 0.434375 0.21015625 0.02578125 0.04296875
0 0.6171875 0.3625 0.0375 0.03515625
7 0.33828125 0.92265625 0.05 0.13671875
27 0.31015625 0.290625 0.03828125 0.034375
25 0.43046875 0.2515625 0.02734375 0.04921875
0 0.48828125 0.16484375 0.02578125 0.03515625
26 0.38515625 0.2890625 0.0375 0.034375
24 0.58125 0.596875 0.03359375 0.07421875
24 0.51328125 0.6546875 0.03046875 0.0703125
13 0.6578125 0.3921875 0.03125 0.05078125
4 0.29140625 0.921875 0.04921875 0.13671875
23 0.70078125 0.434375 0.0421875 0.04140625
21 0.3828125 0.35703125 0.0375 0.0296875
2 0.56953125 0.209375 0.02578125 0.04296875
3 0.62421875 0.4796875 0.04296875 0.05703125
8 0.30625 0.325 0.03671875 0.0375
19 0.51328125 0.5359375 0.03359375 0.0578125
13 0.51484375 0.1671875 0.02421875 0.03984375
4 0.2375 0.9203125 0.05 0.134375
5 0.61953125 0.43828125 0.040625 0.03984375
16 0.65 0.28203125 0.0390625 0.03515625
28 0.296875 0.4390625 0.04140625 0.0578125
24 0.5484375 0.596875 0.03515625 0.07109375
1 0.48125 0.53359375 0.0328125 0.053125
10 0.38828125 0.9234375 0.04765625 0.1375
10 0.4359375 0.92265625 0.0484375 0.13359375
18 0.41484375 0.58984375 0.03671875 0.06328125
25 0.48515625 0.92265625 0.04765625 0.13671875
22 0.29921875 0.3921875 0.03828125 0.034375
2 0.3484375 0.290625 0.03359375 0.03515625
3 0.33671875 0.4375 0.04296875 0.04453125
14 0.68203125 0.9203125 0.05078125 0.1328125
21 0.4796875 0.590625 0.03203125 0.06328125
30 0.4171875 0.53515625 0.03046875 0.06171875
32 0.45078125 0.53515625 0.0328125 0.05546875
20 0.66015625 0.4359375 0.03984375 0.0390625
11 0.44609375 0.65390625 0.03125 0.0671875
29 0.5140625 0.2546875 0.028125 0.05625
23 0.51484375 0.5890625 0.03125 0.0625
4 0.37421875 0.48046875 0.0421875 0.05546875
1 0.378125 0.4328125 0.040625 0.0453125
30 0.54609375 0.534375 0.03125 0.05625
14 0.653125 0.35078125 0.0359375 0.0375
3 0.58046875 0.53203125 0.03203125 0.06015625
16 0.70390625 0.48359375 0.04453125 0.0546875
2 0.44765625 0.590625 0.0328125 0.0578125
25 0.69375 0.3609375 0.03984375 0.0359375
7 0.69765625 0.39765625 0.03984375 0.04140625
8 0.5671875 0.16484375 0.0234375 0.04140625
23 0.41328125 0.65546875 0.03359375 0.0765625
27 0.4859375 0.25546875 0.0296875 0.05703125
28 0.79765625 0.9203125 0.05 0.1390625
5 0.53671875 0.9234375 0.05078125 0.1359375
6 0.02890625 0.078125 0.02734375 0.0734375
11 0.540625 0.1671875 0.02578125 0.0390625
26 0.46015625 0.20625 0.0265625 0.04296875
18 0.4578125 0.25546875 0.025 0.0515625
3 0.33984375 0.3984375 0.04375 0.040625
32 0.5703125 0.25390625 0.02890625 0.05234375
8 0.34296875 0.35859375 0.03828125 0.03828125
29 0.5421875 0.20625 0.02734375 0.04375
6 0.18984375 0.91953125 0.04609375 0.13359375
22 0.51484375 0.20703125 0.0265625 0.040625
33 0.5421875 0.25546875 0.02421875 0.05078125
23 0.60859375 0.28984375 0.0359375 0.03515625