33 0.45234375 0.20703125 0.0265625 0.04453125
32 0.3828125 0.28984375 0.03359375 0.034375
26 0.4171875 0.53203125 0.03046875 0.059375
33 0.3828125 0.32265625 0.03828125 0.0421875
33 0.56875 0.20625 0.02734375 0.046875
30 0.5796875 0.59375 0.03359375 0.07265625
2 0.44765625 0.5890625 0.03359375 0.0625
33 0.44921875 0.53359375 0.03203125 0.06015625
23 0.540625 0.16953125 0.02578125 0.04609375
29 0.38125 0.3609375 0.04140625 0.04375
8 0.478125 0.58984375 0.0328125 0.0625
8 0.44609375 0.65625 0.034375 0.0765625
17 0.73359375 0.9203125 0.053125 0.1390625
2 0.415625 0.58828125 0.03359375 0.06015625
18 0.66328125 0.47890625 0.040625 0.06015625
6 0.02890625 0.078125 0.02734375 0.07421875
17 0.6828125 0.92109375 0.05 0.1375
1 0.6171875 0.396875 0.03984375 0.0421875
21 0.515625 0.25625 0.02734375 0.06015625
29 0.6984375 0.396875 0.04140625 0.04375
26 0.3359375 0.434375 0.0390625 0.03828125
27 0.4796875 0.65625 0.03359375 0.07890625
32 0.6203125 0.434375 0.03984375 0.0421875
7 0.51640625 0.16796875 0.0265625 0.04609375
16 0.634375 0.92109375 0.05078125 0.1359375
30 0.46015625 0.2578125 0.02734375 0.0625
20 0.33828125 0.3953125 0.040625 0.04453125
11 0.70234375 0.43359375 0.0390625 0.0375
30 0.6125 0.32265625 0.0359375 0.0375
18 0.37578125 0.43359375 0.04375 0.04375
25 0.375 0.4796875 0.04140625 0.0609375
13 0.50859375 0.20546875 0.034375 0.03359375
27 0.3796875 0.39765625 0.0421875 0.03984375
29 0.34453125 0.3234375 0.0390625 0.04296875
13 0.584375 0.921875 0.0515625 0.13671875
23 0.70625 0.47734375 0.04375 0.0625
16 0.56875 0.1671875 0.0265625 0.040625
21 0.65703125 0.39921875 0.040625 0.04140625
5 0.54375 0.25703125 0.02578125 0.0609375
3 0.546875 0.5921875 0.034375 0.0640625
15 0.3375 0.9203125 0.0515625 0.1375
23 0.43125 0.2578125 0.02734375 0.0609375
9 0.19140625 0.91953125 0.05 0.13671875
24 0.65 0.29453125 0.03671875 0.03515625
2 0.659375 0.434375 0.04375 0.0421875
12 0.2890625 0.91953125 0.0484375 0.13515625
21 0.48515625 0.91953125 0.05234375 0.13671875
3 0.61328125 0.29140625 0.03828125 0.0390625
2 0.3484375 0.29140625 0.03671875 0.03828125
18 0.43515625 0.9203125 0.04921875 0.1359375
20 0.54140625 0.20703125 0.0265625 0.04140625
8 0.30703125 0.290625 0.03671875 0.034375
0 0.29765625 0.396875 0.04140625 0.04296875
22 0.34140625 0.3625 0.03984375 0.03671875
3 0.5125 0.5921875 0.03359375 0.0640625
25 0.4875 0.16484375 0.0265625 0.03671875
9 0.240625 0.91953125 0.05078125 0.1359375
26 0.334375 0.47890625 0.040625 0.0578125
19 0.6171875 0.36171875 0.03984375 0.04140625
30 0.621875 0.48125 0.040625 0.053125
15 0.38671875 0.9203125 0.05390625 0.1375
6 0.14140625 0.91953125 0.05 0.1359375
24 0.6515625 0.328125 0.0390625 0.04375
3 0.57109375 0.2578125 0.0296875 0.0625
10 0.53515625 0.921875 0.05078125 0.1375
14 0.2953125 0.4390625 0.040625 0.0515625
1 0.54453125 0.5328125 0.034375 0.059375
23 0.65546875 0.3640625 0.03984375 0.040625
21 0.48046875 0.53203125 0.0375 0.0578125
27 0.4109375 0.65234375 0.0359375 0.0734375
11 0.30703125 0.321875 0.03984375 0.03984375
16 0.4265625 0.2078125 0.0296875 0.04609375
13 0.3015625 0.35859375 0.034375 0.0328125
24 0.69609375 0.3609375 0.040625 0.03984375
14 0.48125 0.20625 0.02734375 0.04609375
4 0.5765625 0.53203125 0.028125 0.05625
28 0.54765625 0.6546875 0.028125 0.06796875
22 0.515625 0.6515625 0.03203125 0.0609375
32 0.5125 0.5328125 0.0296875 0.0578125
0 0.4875 0.2515625 0.028125 0.05390625