9 0.18984375 0.9203125 0.05390625 0.13828125
25 0.5109375 0.528125 0.03359375 0.0515625
9 0.79765625 0.91875 0.05 0.1359375
17 0.634375 0.9203125 0.046875 0.13828125
31 0.38125 0.3984375 0.04140625 0.04140625
27 0.3828125 0.36171875 0.03828125 0.04296875
20 0.734375 0.92109375 0.04921875 0.13671875
21 0.4125 0.653125 0.03203125 0.08125
16 0.23828125 0.92109375 0.0515625 0.13671875
9 0.13984375 0.91953125 0.0515625 0.1359375
11 0.534375 0.92109375 0.05234375 0.1390625
11 0.48359375 0.92265625 0.05078125 0.13515625
32 0.45234375 0.5375 0.03046875 0.05703125
1 0.3015625 0.39921875 0.04140625 0.03984375
11 0.58515625 0.92109375 0.05078125 0.1390625
27 0.3859375 0.32578125 0.040625 0.04140625
2 0.3390625 0.92109375 0.05078125 0.1375
0 0.37578125 0.4359375 0.0375 0.0421875
29 0.61875 0.43515625 0.0390625 0.04609375
33 0.221875 0.0609375 0.0359375 0.04765625
5 0.43359375 0.9203125 0.0484375 0.134375
31 0.34609375 0.32265625 0.0375 0.03671875
28 0.65078125 0.29609375 0.0328125 0.0359375
7 0.3109375 0.290625 0.0359375 0.0359375
10 0.48046875 0.6578125 0.034375 0.075
22 0.61328125 0.3265625 0.0359375 0.03671875
30 0.4796875 0.534375 0.0296875 0.05546875
12 0.6578125 0.40078125 0.0421875 0.04765625
24 0.296875 0.440625 0.04140625 0.053125
25 0.5421875 0.53125 0.0375 0.0578125
19 0.290625 0.921875 0.0546875 0.13671875
13 0.48671875 0.16796875 0.02421875 0.0375
17 0.0296875 0.08125 0.03125 0.07265625
15 0.44296875 0.65390625 0.03671875 0.0828125
3 0.65234375 0.32734375 0.040625 0.03671875
32 0.61875 0.48125 0.0421875 0.0578125
8 0.334375 0.48125 0.04296875 0.06328125
32 0.38671875 0.28984375 0.03125 0.034375
26 0.415625 0.534375 0.03046875 0.0578125
29 0.34375 0.35703125 0.0375 0.0328125
29 0.48203125 0.5921875 0.0328125 0.0609375
15 0.35859375 0.0640625 0.0265625 0.0546875
27 0.56875 0.2078125 0.0265625 0.0484375
5 0.3859375 0.9203125 0.04921875 0.1359375
28 0.69921875 0.3984375 0.03828125 0.03984375
26 0.6640625 0.48046875 0.0453125 0.059375
23 0.4484375 0.58984375 0.03359375 0.05625
18 0.51484375 0.26015625 0.02734375 0.0671875
0 0.3390625 0.39140625 0.0390625 0.04140625
18 0.66171875 0.43984375 0.040625 0.04453125
6 0.3359375 0.4359375 0.0390625 0.0453125
8 0.43359375 0.16953125 0.0234375 0.0375
12 0.515625 0.5953125 0.0328125 0.06171875
15 0.3015625 0.06328125 0.028125 0.05234375
3 0.57734375 0.5328125 0.03359375 0.06171875
2 0.615625 0.39921875 0.03515625 0.040625
10 0.3046875 0.36171875 0.03828125 0.04140625
33 0.27578125 0.06484375 0.02421875 0.05546875
30 0.4328125 0.25859375 0.0265625 0.065625
30 0.61328125 0.29453125 0.03828125 0.03828125
13 0.69453125 0.3625 0.03671875 0.03671875
27 0.51328125 0.65703125 0.0359375 0.071875
15 0.32890625 0.06328125 0.02890625 0.053125
3 0.3046875 0.328125 0.03515625 0.0390625
28 0.5125 0.1671875 0.02421875 0.03984375
22 0.43359375 0.20859375 0.02421875 0.0453125
28 0.7 0.43828125 0.040625 0.0453125
23 0.56953125 0.16484375 0.0234375 0.03984375
12 0.48828125 0.20390625 0.02734375 0.04375
26 0.51484375 0.203125 0.02265625 0.04375
25 0.54140625 0.26171875 0.028125 0.06328125
4 0.5703125 0.25546875 0.0265625 0.05703125
15 0.328125 0.06328125 0.0296875 0.053125
19 0.61796875 0.3625 0.03828125 0.04140625
9 0.48515625 0.25703125 0.02890625 0.0625
23 0.346875 0.2875 0.0375 0.02890625
30 0.70546875 0.484375 0.04296875 0.05
10 0.46015625 0.25703125 0.02890625 0.06171875
23 0.41484375 0.58828125 0.03203125 0.05625
1 0.37421875 0.48125 0.03203125 0.06484375
13 0.4609375 0.16796875 0.028125 0.0390625
32 0.65625 0.3640625 0.03984375 0.04375
31 0.540625 0.16640625 0.028125 0.03984375
31 0.54140625 0.20859375 0.02578125 0.04453125
29 0.46015625 0.20625 0.02421875 0.03984375
3 0.57890625 0.59296875 0.0328125 0.07890625
18 0.54609375 0.5953125 0.028125 0.0625
17 0.684375 0.91953125 0.04921875 0.12421875
33 0.25078125 0.0625 0.021875 0.059375