9 0.290625 0.9203125 0.0515625 0.13828125
0 0.14140625 0.91953125 0.05 0.1328125
33 0.0296875 0.08125 0.0328125 0.0765625
33 0.38203125 0.4 0.03828125 0.04375
32 0.70703125 0.48046875 0.03984375 0.05546875
32 0.3421875 0.3609375 0.0390625 0.04375
3 0.18984375 0.91953125 0.053125 0.13125
31 0.3828125 0.32734375 0.0390625 0.0375
11 0.68359375 0.9203125 0.0546875 0.134375
24 0.61484375 0.3296875 0.0375 0.03671875
6 0.34609375 0.32578125 0.0375 0.03671875
23 0.5125 0.53359375 0.0296875 0.05859375
29 0.3859375 0.290625 0.03671875 0.03828125
27 0.41328125 0.6578125 0.034375 0.078125
17 0.73359375 0.921875 0.04921875 0.1375
0 0.62109375 0.4828125 0.040625 0.05703125
4 0.4796875 0.5953125 0.03125 0.071875
21 0.61640625 0.3640625 0.03671875 0.040625
15 0.340625 0.3953125 0.04140625 0.04296875
13 0.5859375 0.9203125 0.04921875 0.13671875
8 0.6328125 0.92109375 0.04609375 0.13359375
27 0.57109375 0.259375 0.028125 0.0625
24 0.61875 0.3984375 0.0390625 0.03984375
6 0.23828125 0.91953125 0.05234375 0.1359375
15 0.3359375 0.48046875 0.040625 0.0578125
22 0.41640625 0.53046875 0.03203125 0.0578125
32 0.43203125 0.26015625 0.02890625 0.06015625
31 0.4890625 0.2609375 0.02734375 0.065625
5 0.79765625 0.91953125 0.04921875 0.1375
24 0.64765625 0.28359375 0.0390625 0.03671875
7 0.48515625 0.9234375 0.0515625 0.13203125
10 0.534375 0.921875 0.0515625 0.1390625
29 0.38359375 0.36015625 0.03828125 0.04296875
3 0.62109375 0.43984375 0.040625 0.03984375
22 0.44765625 0.59609375 0.03125 0.071875
3 0.434375 0.2078125 0.0265625 0.03828125
17 0.45 0.53671875 0.028125 0.05625
16 0.65 0.31640625 0.03203125 0.0375
29 0.51640625 0.26328125 0.0265625 0.06328125
5 0.33984375 0.43515625 0.04375 0.040625
16 0.30625 0.34375 0.03828125 0.053125
19 0.4828125 0.5328125 0.02890625 0.053125
7 0.65703125 0.359375 0.0359375 0.04140625
2 0.51015625 0.59296875 0.02890625 0.06875
12 0.33984375 0.92109375 0.05234375 0.13671875
12 0.3875 0.9203125 0.05 0.1359375
26 0.546875 0.53203125 0.028125 0.059375
1 0.375 0.47890625 0.0390625 0.05703125
2 0.66015625 0.40390625 0.0375 0.03984375
2 0.46171875 0.25546875 0.0265625 0.05390625
25 0.6109375 0.29375 0.0375 0.03671875
28 0.56796875 0.165625 0.0265625 0.03828125
20 0.48671875 0.2078125 0.02578125 0.0390625
26 0.66484375 0.4828125 0.04140625 0.05390625
30 0.2765625 0.0640625 0.028125 0.0546875
1 0.41484375 0.59453125 0.0328125 0.05703125
0 0.578125 0.5296875 0.03515625 0.06171875
30 0.22265625 0.06171875 0.03359375 0.04609375
27 0.5765625 0.5953125 0.0328125 0.071875
26 0.66171875 0.43671875 0.0390625 0.03828125
32 0.54296875 0.2625 0.02890625 0.0625
2 0.659375 0.4 0.040625 0.03984375
31 0.5421875 0.16328125 0.0265625 0.0375
17 0.5453125 0.596875 0.03125 0.0703125
24 0.34921875 0.2921875 0.034375 0.03828125
23 0.56953125 0.2078125 0.025 0.0484375
16 0.459375 0.20859375 0.0265625 0.0375
20 0.53984375 0.20703125 0.028125 0.04453125
30 0.24921875 0.05703125 0.0203125 0.05078125
28 0.31015625 0.2953125 0.02890625 0.04140625
27 0.378125 0.434375 0.0421875 0.034375
18 0.4375 0.9203125 0.04453125 0.1390625
20 0.51328125 0.20625 0.02421875 0.03984375