4 0.14140625 0.91953125 0.04609375 0.13515625
10 0.18828125 0.91953125 0.0484375 0.13125
10 0.2390625 0.91875 0.05 0.13203125
13 0.2875 0.91953125 0.05 0.13359375
19 0.3859375 0.91875 0.0484375 0.1359375
25 0.4359375 0.92109375 0.04921875 0.13359375
2 0.48515625 0.91875 0.046875 0.13671875
2 0.53359375 0.9234375 0.04609375 0.1390625
17 0.73359375 0.91953125 0.04921875 0.13671875
8 0.58359375 0.925 0.04765625 0.1421875
8 0.63515625 0.91875 0.04921875 0.13671875
11 0.68359375 0.92421875 0.0484375 0.1328125
22 0.4140625 0.59296875 0.0328125 0.06953125
0 0.41640625 0.5328125 0.03203125 0.0609375
23 0.48125 0.53828125 0.03046875 0.0703125
26 0.375 0.48515625 0.0328125 0.0734375
31 0.5140625 0.53671875 0.03125 0.07109375
32 0.57734375 0.53828125 0.03046875 0.06953125
32 0.54453125 0.53828125 0.03125 0.0703125
22 0.3765625 0.434375 0.03984375 0.04453125
33 0.4484375 0.53984375 0.0328125 0.06953125
29 0.028125 0.08046875 0.0296875 0.0703125
32 0.38359375 0.2890625 0.0375 0.03671875
24 0.3796875 0.3953125 0.0390625 0.04375
30 0.6625 0.48359375 0.04140625 0.06015625
14 0.3453125 0.29296875 0.0359375 0.053125
0 0.38046875 0.35859375 0.03984375 0.040625
23 0.621875 0.48125 0.040625 0.059375
24 0.38359375 0.325 0.0390625 0.0390625
5 0.6171875 0.3984375 0.03984375 0.04453125
31 0.6125 0.3265625 0.0390625 0.04296875
11 0.6203125 0.43515625 0.040625 0.0453125
33 0.6109375 0.2921875 0.0390625 0.0390625
24 0.61484375 0.359375 0.03828125 0.04140625
27 0.80078125 0.065625 0.0375 0.0484375
27 0.8109375 0.08671875 0.03203125 0.03984375
29 0.74375 0.2234375 0.0390625 0.05078125
29 0.18125 0.68828125 0.0484375 0.06171875
29 0.74140625 0.74609375 0.04140625 0.08515625
16 0.33828125 0.91953125 0.04765625 0.1328125
27 0.81015625 0.125 0.03984375 0.04296875