1 0.5015625 0.92265625 0.04765625 0.128125
22 0.43671875 0.921875 0.05 0.13671875
19 0.38828125 0.92265625 0.04765625 0.1359375
1 0.13984375 0.91953125 0.0484375 0.12890625
10 0.2890625 0.9203125 0.05078125 0.1296875
7 0.190625 0.9203125 0.05 0.128125
7 0.23984375 0.91875 0.05 0.13046875
13 0.3359375 0.921875 0.04765625 0.13203125
25 0.88515625 0.915625 0.04609375 0.08359375
25 0.925 0.91640625 0.04609375 0.08671875
1 0.0296875 0.1125 0.0296875 0.0703125
25 0.84296875 0.92421875 0.05234375 0.07265625
30 0.8 0.915625 0.04296875 0.0859375
30 0.76171875 0.91484375 0.04140625 0.08515625
29 0.74140625 0.7515625 0.04140625 0.078125
30 0.71875 0.92578125 0.04921875 0.071875
25 0.34453125 0.34609375 0.0421875 0.03984375
29 0.2890625 0.1546875 0.0296875 0.05390625
22 0.3828125 0.34921875 0.03671875 0.0390625
24 0.57578125 0.553125 0.03125 0.0640625
0 0.384375 0.315625 0.03515625 0.0375
2 0.48671875 0.28203125 0.02734375 0.05859375
1 0.34140625 0.38359375 0.03984375 0.040625
20 0.38125 0.38125 0.0421875 0.04140625
26 0.33671875 0.4203125 0.0390625 0.0421875
14 0.346875 0.3140625 0.040625 0.0328125
32 0.38125 0.41796875 0.03671875 0.04609375
20 0.4140625 0.60859375 0.03125 0.06640625
14 0.37421875 0.49453125 0.0390625 0.0546875
24 0.5703125 0.28203125 0.0265625 0.0578125
30 0.5140625 0.28359375 0.0265625 0.0578125
14 0.45703125 0.23515625 0.02578125 0.04140625
20 0.334375 0.45859375 0.03828125 0.0515625
28 0.44765625 0.6078125 0.03359375 0.06796875
33 0.5421875 0.28203125 0.02890625 0.0578125
29 0.18203125 0.69765625 0.0484375 0.0625
11 0.37578125 0.45078125 0.040625 0.03671875
0 0.5125 0.6078125 0.03125 0.06875
5 0.43046875 0.2859375 0.02734375 0.059375
26 0.56796875 0.234375 0.02890625 0.03984375
0 0.4859375 0.2359375 0.025 0.0421875
28 0.065625 0.85703125 0.05859375 0.065625
28 0.07890625 0.74609375 0.05 0.06640625
28 0.07265625 0.80078125 0.05625 0.05625
8 0.54453125 0.60546875 0.03203125 0.06640625
32 0.459375 0.28359375 0.02734375 0.059375
8 0.53984375 0.23359375 0.02890625 0.0421875
27 0.1109375 0.5921875 0.05234375 0.05
27 0.0890625 0.68671875 0.046875 0.0703125
33 0.48046875 0.60859375 0.03203125 0.071875
17 0.41640625 0.55 0.03125 0.05234375
27 0.1046875 0.63671875 0.053125 0.0625
23 0.4484375 0.5453125 0.03203125 0.05234375
33 0.51328125 0.2375 0.02734375 0.04453125
5 0.54453125 0.54765625 0.03046875 0.0546875
11 0.5125 0.54609375 0.03046875 0.05078125
8 0.48203125 0.54765625 0.0296875 0.05859375