7 0.140625 0.9203125 0.046875 0.13359375
7 0.18828125 0.91953125 0.04765625 0.13359375
10 0.28828125 0.91953125 0.05078125 0.13671875
10 0.23984375 0.91796875 0.05078125 0.1328125
16 0.38671875 0.91953125 0.05078125 0.1359375
19 0.48515625 0.92109375 0.04765625 0.13828125
19 0.43515625 0.921875 0.04765625 0.13671875
22 0.53515625 0.9234375 0.0484375 0.1359375
17 0.584375 0.92109375 0.05078125 0.13671875
17 0.63515625 0.91953125 0.05 0.13671875
23 0.73359375 0.92109375 0.04921875 0.1375
1 0.02890625 0.0796875 0.03125 0.071875
26 0.4140625 0.5953125 0.034375 0.07265625
20 0.68515625 0.9234375 0.0484375 0.13359375
25 0.21796875 0.06328125 0.02734375 0.053125
24 0.41640625 0.53203125 0.03203125 0.059375
14 0.54609375 0.59453125 0.03203125 0.07109375
8 0.446875 0.5953125 0.03203125 0.071875
25 0.24296875 0.06171875 0.028125 0.05234375
0 0.5125 0.5953125 0.03203125 0.07109375
5 0.57578125 0.53828125 0.03046875 0.0671875
30 0.30078125 0.06171875 0.02578125 0.05234375
2 0.51328125 0.5328125 0.03125 0.0578125
30 0.48046875 0.53203125 0.03203125 0.0578125
33 0.4484375 0.53359375 0.0328125 0.059375
30 0.325 0.0625 0.0265625 0.0546875
33 0.4796875 0.5953125 0.03203125 0.0734375
25 0.2734375 0.0578125 0.03359375 0.046875
32 0.5453125 0.5328125 0.03203125 0.05625
30 0.35390625 0.0578125 0.03203125 0.0453125
1 0.6578125 0.3984375 0.0421875 0.04296875
25 0.66015625 0.43359375 0.0421875 0.04375
24 0.428125 0.2578125 0.02890625 0.06171875
20 0.6515625 0.32578125 0.0390625 0.0359375
0 0.621875 0.4796875 0.04140625 0.06171875
22 0.61953125 0.43515625 0.040625 0.040625
20 0.61640625 0.39765625 0.040625 0.0421875
5 0.45703125 0.25625 0.02734375 0.0625
17 0.57109375 0.25546875 0.02734375 0.06171875
26 0.65390625 0.36015625 0.040625 0.0375
14 0.6625 0.48203125 0.04140625 0.05703125
29 0.2890625 0.12265625 0.0296875 0.05546875
11 0.6125 0.32578125 0.03984375 0.0375
11 0.4859375 0.25625 0.0265625 0.06171875
8 0.459375 0.2078125 0.028125 0.04453125
32 0.6140625 0.3609375 0.0390625 0.0375
14 0.61328125 0.29375 0.0375 0.03828125
29 0.74375 0.2234375 0.0390625 0.04921875
28 0.54140625 0.2078125 0.02734375 0.04375
20 0.56875 0.20703125 0.028125 0.0453125
8 0.5140625 0.25703125 0.0265625 0.0625
27 0.82734375 0.21953125 0.04140625 0.05078125
23 0.54296875 0.25546875 0.028125 0.06328125
0 0.48671875 0.20625 0.02578125 0.04375
33 0.51484375 0.20859375 0.02734375 0.04609375
29 0.7421875 0.74375 0.0390625 0.07421875
16 0.33828125 0.9203125 0.046875 0.13359375
27 0.8072033890625001 0.1677018640625 0.803672315625 0.1751552796875 0.8029661015625 0.1900621125 0.806497175 0.2 0.8142655375000001 0.19503105625 0.8425141249999999 0.192546584375 0.8354519781249999 0.1664596265625 0.8072033890625001 0.1677018640625
27 0.8050847453125 0.1465838515625 0.8079096046875 0.16521739062500002 0.8361581921875001 0.16397515468749999 0.8312146890625 0.13291925468750002 0.806497175 0.13291925468750002 0.8050847453125 0.1465838515625
28 0.8072033890625001 0.09316770156250001 0.8001412421874999 0.10062111874999999 0.799435028125 0.11677018593749999 0.803672315625 0.1378881984375 0.8142655375000001 0.12919254687499998 0.8290960453125 0.12919254687499998 0.8241525421875 0.096894409375 0.8072033890625001 0.09316770156250001
28 0.806497175 0.096894409375 0.8220338984375 0.09192546562500001 0.8177966109374999 0.0695652171875 0.801553671875 0.06583850937499999 0.7888418078125 0.0695652171875 0.7860169484374999 0.07453416093750001 0.7867231640625 0.08322981406249999 0.7895480218750001 0.1055900625 0.7930790953125 0.11055900625 0.7980225984375 0.1093167703125 0.806497175 0.096894409375
28 0.8135593218749999 0.0434782609375 0.7881355937500001 0.042236024999999996 0.783192090625 0.0484472046875 0.782485875 0.06832298125 0.7860169484374999 0.07453416093750001 0.7937853109375 0.0670807453125 0.8149717515624999 0.06832298125 0.818502825 0.060869565625 0.8135593218749999 0.0434782609375