24 0.140625 0.91953125 0.0453125 0.13515625
24 0.18984375 0.91953125 0.05 0.13359375
4 0.23828125 0.91796875 0.05 0.13359375
4 0.28828125 0.91875 0.05078125 0.13671875
16 0.3375 0.91796875 0.046875 0.13515625
16 0.3859375 0.91953125 0.0484375 0.13671875
20 0.5 0.921875 0.0484375 0.14140625
29 0.31484375 0.12265625 0.02890625 0.0546875
26 0.41328125 0.59375 0.03359375 0.071875
29 0.2890625 0.12265625 0.02890625 0.05625
2 0.478125 0.59453125 0.03046875 0.06875
28 0.41640625 0.53203125 0.0328125 0.05859375
23 0.44765625 0.59375 0.0328125 0.071875
32 0.4484375 0.5328125 0.03203125 0.05703125
10 0.51328125 0.596875 0.03359375 0.06953125
1 0.43203125 0.25625 0.02890625 0.0609375
31 0.5453125 0.5390625 0.03125 0.07109375
5 0.91875 0.92421875 0.05546875 0.0703125
27 0.5140625 0.53359375 0.03203125 0.059375
22 0.48671875 0.2578125 0.02734375 0.0609375
31 0.48125 0.53359375 0.0328125 0.059375
28 0.6546875 0.35390625 0.03203125 0.0484375
0 0.621875 0.48203125 0.0421875 0.059375
19 0.57109375 0.25625 0.02734375 0.06015625
32 0.66328125 0.48125 0.04296875 0.0609375
1 0.56953125 0.20703125 0.02734375 0.04453125
5 0.8390625 0.915625 0.046875 0.090625
5 0.87578125 0.915625 0.04375 0.0859375
25 0.459375 0.25625 0.028125 0.06015625
13 0.759375 0.92421875 0.05 0.0734375
10 0.54296875 0.25546875 0.028125 0.059375
0 0.51484375 0.20703125 0.0265625 0.0421875
32 0.6609375 0.43515625 0.03984375 0.046875
24 0.61875 0.434375 0.04140625 0.0453125
19 0.659375 0.39609375 0.03828125 0.04296875
25 0.5765625 0.5375 0.03203125 0.071875
13 0.80234375 0.915625 0.04609375 0.08671875
4 0.51484375 0.25546875 0.02578125 0.06015625
13 0.7140625 0.915625 0.0421875 0.09140625
1 0.615625 0.3609375 0.03984375 0.04296875
33 0.61640625 0.39765625 0.03984375 0.03828125
8 0.6109375 0.33203125 0.03671875 0.04921875
22 0.61015625 0.2953125 0.03828125 0.04375
33 0.02890625 0.0796875 0.0296875 0.075
25 0.5421875 0.2078125 0.028125 0.04375
16 0.43515625 0.9203125 0.04765625 0.13515625