1 0.64921875 0.9203125 0.05234375 0.13046875
8 0.13984375 0.92109375 0.046875 0.128125
11 0.1890625 0.921875 0.0484375 0.1265625
11 0.23984375 0.921875 0.0484375 0.1296875
14 0.28984375 0.9234375 0.0484375 0.1265625
14 0.33828125 0.92421875 0.046875 0.12578125
17 0.38671875 0.92109375 0.046875 0.1265625
20 0.43671875 0.92265625 0.0484375 0.128125
23 0.4859375 0.92265625 0.046875 0.128125
23 0.53515625 0.92109375 0.0484375 0.13125
26 0.58515625 0.92265625 0.046875 0.134375
5 0.83671875 0.915625 0.04609375 0.0828125
5 0.8828125 0.925 0.0546875 0.0609375
5 0.9234375 0.915625 0.046875 0.0796875
29 0.74296875 0.24296875 0.03671875 0.02734375
29 0.74765625 0.2796875 0.03828125 0.0453125
29 0.7421875 0.753125 0.03984375 0.075
8 0.02890625 0.11171875 0.028125 0.0703125
2 0.57734375 0.609375 0.03125 0.06953125
2 0.51484375 0.66640625 0.03125 0.0671875
26 0.61875 0.45390625 0.03984375 0.0359375
2 0.61328125 0.34921875 0.0375 0.0359375
14 0.42421875 0.2421875 0.02890625 0.0546875
24 0.415625 0.546875 0.03046875 0.05234375
0 0.4484375 0.54765625 0.03203125 0.05390625
24 0.6203125 0.5 0.03984375 0.0515625
0 0.6625 0.5 0.03984375 0.0515625
24 0.659375 0.4546875 0.0390625 0.034375
4 0.48671875 0.19609375 0.02578125 0.0359375
4 0.51328125 0.2 0.025 0.0390625
13 0.53984375 0.1984375 0.025 0.040625
7 0.56875 0.23515625 0.02421875 0.0390625
1 0.50703125 0.234375 0.02578125 0.0359375
16 0.4796875 0.23515625 0.028125 0.03671875
10 0.4515625 0.23515625 0.0265625 0.03828125
22 0.43125 0.2828125 0.0265625 0.05390625
7 0.4875 0.2828125 0.025 0.05390625
19 0.515625 0.2828125 0.0265625 0.05390625
10 0.5421875 0.284375 0.02578125 0.0546875
16 0.56953125 0.28125 0.025 0.05625
22 0.6140625 0.384375 0.03828125 0.03359375
25 0.6171875 0.41796875 0.03984375 0.0296875
19 0.5421875 0.5484375 0.0328125 0.0546875
13 0.51328125 0.54765625 0.03203125 0.05390625
25 0.48125 0.60390625 0.03203125 0.0578125
30 0.51328125 0.603125 0.0328125 0.05859375
22 0.446875 0.60234375 0.03046875 0.0578125
31 0.57578125 0.54453125 0.0328125 0.05234375
1 0.48046875 0.66640625 0.03359375 0.07109375
25 0.41484375 0.603125 0.0359375 0.05859375
32 0.446875 0.665625 0.03359375 0.07109375
4 0.41171875 0.66640625 0.034375 0.071875
27 0.5578279265625 0.5782556750000001 0.5289139640625 0.5782556750000001 0.5289139640625 0.633213859375 0.53102961875 0.6427718046875001 0.5578279265625 0.643966546875 0.5606488015625 0.6367980890625 0.5613540203125 0.6188769421875 0.5578279265625 0.5782556750000001
30 0.684767278125 0.47431302343750004 0.686882934375 0.523297490625 0.720028209375 0.5256869765625 0.7235543015625 0.5221027484375 0.7263751765625 0.500597371875 0.7228490828125 0.47431302343750004 0.684767278125 0.47431302343750004
30 0.7129760218750001 0.39904420625000003 0.7087447109375 0.36678614062500003 0.6741889984375 0.3655913984375 0.6755994359375 0.40023894843749996 0.7129760218750001 0.39904420625000003
30 0.6375176296875 0.4133811234375 0.6403385046875 0.4360812421875 0.6770098734375 0.43369175625 0.6734837796875001 0.40262843437500007 0.6389280671875001 0.40262843437500007 0.6375176296875 0.4133811234375
28 0.63328631875 0.3345280765625 0.6325811 0.35005973749999997 0.63610719375 0.36439665468750004 0.67066290625 0.36200716875 0.66854725 0.3369175625 0.66502115625 0.3333333328125 0.63328631875 0.3345280765625
28 0.5225669953125001 0.25328554375 0.550775740625 0.25448028749999996 0.5550070515625001 0.2497013140625 0.553596615625 0.22102747968749997 0.5211565578124999 0.22341696562500002 0.5225669953125001 0.25328554375
32 0.44640338437500005 0.3094384703125 0.4724964734375 0.3106332140625 0.4724964734375 0.258064515625 0.45204513437499994 0.2556750296875 0.4456981671875 0.260454003125 0.44640338437500005 0.3094384703125
33 0.553596615625 0.1959378734375 0.5571227078125001 0.2150537640625 0.581100140625 0.2150537640625 0.5768688296875 0.1792114703125 0.5550070515625001 0.1792114703125 0.553596615625 0.1959378734375
33 0.6727785609375 0.3345280765625 0.67066290625 0.3452807640625 0.6748942171875 0.367980884375 0.7101551484375 0.3632019109375 0.7080394921875001 0.3393070484375 0.7052186171875 0.3333333328125 0.6727785609375 0.3345280765625
33 0.6791255296875 0.43369175625 0.716502115625 0.4348865 0.7157968968749999 0.4109916375 0.7129760218750001 0.40143369218749997 0.6770098734375 0.40143369218749997 0.6791255296875 0.43369175625
31 0.679830746875 0.4372759859375 0.6791255296875 0.452807646875 0.6826516218750001 0.4719235359375 0.720733428125 0.46953405000000004 0.718617771875 0.4420549578125 0.7150916781250001 0.4360812421875 0.679830746875 0.4372759859375
31 0.63046544375 0.32377538906250003 0.63328631875 0.3333333328125 0.6664315937499999 0.332138590625 0.6643159375 0.3022700125 0.63046544375 0.3034647546875 0.63046544375 0.32377538906250003
32 0.6375176296875 0.40023894843749996 0.6727785609375 0.39904420625000003 0.6713681234375 0.37395459999999997 0.66854725 0.36678614062500003 0.635401975 0.367980884375 0.6375176296875 0.40023894843749996
32 0.5937940765625 0.332138590625 0.629760225 0.330943846875 0.6269393515624999 0.3022700125 0.6071932296875 0.299880525 0.5930888578125 0.3034647546875 0.5937940765625 0.332138590625