33 0.8828125 0.92578125 0.05390625 0.06875
32 0.41640625 0.54765625 0.0296875 0.06015625
33 0.8375 0.91796875 0.0453125 0.08359375
30 0.51484375 0.603125 0.03203125 0.06015625
20 0.5453125 0.54765625 0.02890625 0.05625
2 0.30078125 0.38984375 0.0390625 0.053125
31 0.51328125 0.1984375 0.0265625 0.040625
26 0.059375 0.11171875 0.02734375 0.07578125
26 0.346875 0.31328125 0.0375 0.03203125
30 0.3859375 0.315625 0.03828125 0.03671875
5 0.37890625 0.41875 0.03984375 0.0375
12 0.51484375 0.54921875 0.03125 0.053125
33 0.9234375 0.91640625 0.046875 0.08125
10 0.14140625 0.9203125 0.05 0.13125
28 0.3328125 0.49609375 0.0421875 0.05703125
13 0.19140625 0.921875 0.05 0.13359375
2 0.61328125 0.35 0.0375 0.034375
2 0.57734375 0.5484375 0.034375 0.05703125
32 0.53984375 0.2359375 0.0265625 0.040625
6 0.546875 0.60625 0.034375 0.059375
28 0.621875 0.4984375 0.04296875 0.05625
22 0.540625 0.2 0.02421875 0.04375
33 0.69140625 0.33984375 0.03984375 0.0390625
23 0.3421875 0.38203125 0.03984375 0.040625
11 0.70078125 0.4546875 0.04140625 0.040625
27 0.796875 0.92421875 0.0515625 0.0734375
26 0.43203125 0.23671875 0.025 0.04296875
32 0.6515625 0.35078125 0.03515625 0.0375
21 0.5484375 0.66875 0.03515625 0.071875
31 0.37890625 0.4515625 0.04140625 0.04453125
20 0.7046875 0.4984375 0.0453125 0.05546875
4 0.45859375 0.28359375 0.02734375 0.06171875
21 0.6984375 0.41796875 0.04140625 0.04375
5 0.5421875 0.28515625 0.02734375 0.06015625
29 0.58125 0.60703125 0.034375 0.05859375
2 0.61328125 0.3515625 0.0359375 0.0359375
3 0.459375 0.23515625 0.025 0.04140625
3 0.6640625 0.4984375 0.0390625 0.0578125
31 0.51640625 0.2828125 0.0265625 0.0609375
32 0.64921875 0.3171875 0.03671875 0.0359375
29 0.38359375 0.346875 0.040625 0.03828125
17 0.6609375 0.45078125 0.03828125 0.040625
7 0.61875 0.45703125 0.0421875 0.04140625
6 0.4296875 0.28359375 0.028125 0.059375
30 0.4796875 0.546875 0.03203125 0.05546875
29 0.4484375 0.54921875 0.03203125 0.059375
1 0.38125 0.3828125 0.0375 0.04140625
20 0.3375 0.415625 0.0390625 0.03984375
27 0.71640625 0.91640625 0.0453125 0.0859375
1 0.48671875 0.23359375 0.0265625 0.040625
24 0.446875 0.66796875 0.03515625 0.0734375
0 0.6609375 0.41953125 0.0390625 0.03515625
13 0.58203125 0.6671875 0.03359375 0.071875
29 0.48515625 0.284375 0.028125 0.059375
5 0.6171875 0.38359375 0.0390625 0.03828125
17 0.4859375 0.19609375 0.0234375 0.03828125
27 0.75390625 0.91640625 0.04296875 0.084375
17 0.44765625 0.60546875 0.034375 0.05703125
3 0.48046875 0.6015625 0.02890625 0.0640625
4 0.3453125 0.3453125 0.0390625 0.04375
24 0.41328125 0.6671875 0.0359375 0.07265625
19 0.3375 0.921875 0.0515625 0.13203125
4 0.61796875 0.42265625 0.03984375 0.040625
23 0.56875 0.19765625 0.025 0.03984375
18 0.03125 0.11328125 0.028125 0.07265625
10 0.515625 0.66875 0.03359375 0.071875
21 0.56953125 0.23515625 0.0265625 0.04609375
0 0.65703125 0.384375 0.0390625 0.04296875
28 0.5703125 0.28515625 0.02734375 0.06015625
1 0.515625 0.23359375 0.028125 0.03671875
22 0.3875 0.921875 0.05078125 0.1328125
23 0.478125 0.66953125 0.03125 0.071875
6 0.69296875 0.37734375 0.0390625 0.0515625
27 0.678125 0.91640625 0.04375 0.08359375
28 0.33515625 0.45234375 0.0375 0.03828125
9 0.30390625 0.3484375 0.0375 0.040625
24 0.3078125 0.3171875 0.0390625 0.0375
23 0.6109375 0.315625 0.040625 0.034375
6 0.37421875 0.4984375 0.04140625 0.05234375
31 0.4140625 0.603125 0.03046875 0.05703125
25 0.434375 0.9265625 0.04765625 0.1359375
16 0.2890625 0.9234375 0.046875 0.1296875
16 0.262693934375 0.988649940625 0.26445698125 0.8572281953124999 0.216854725 0.8557347671875 0.216854725 0.9916367984375001 0.262693934375 0.988649940625