33 0.846875 0.92578125 0.05 0.0765625
33 0.8875 0.9140625 0.046875 0.09765625
33 0.621875 0.4375 0.0421875 0.04296875
24 0.38125 0.3953125 0.040625 0.04453125
33 0.92421875 0.91328125 0.04765625 0.09765625
24 0.37578125 0.48203125 0.04140625 0.05859375
32 0.3421875 0.36171875 0.0375 0.04375
19 0.434375 0.92265625 0.0546875 0.13671875
19 0.3859375 0.921875 0.05390625 0.13828125
26 0.621875 0.47734375 0.04375 0.0546875
31 0.51484375 0.5359375 0.03125 0.059375
30 0.61328125 0.29609375 0.03828125 0.0375
27 0.80625 0.91796875 0.04609375 0.09140625
14 0.48125 0.59453125 0.03125 0.0734375
31 0.54609375 0.53984375 0.03046875 0.06875
16 0.33828125 0.92265625 0.05 0.14140625
26 0.61328125 0.32578125 0.03671875 0.03671875
5 0.48203125 0.53515625 0.02890625 0.0578125
25 0.659375 0.43125 0.0421875 0.040625
16 0.29140625 0.92421875 0.05078125 0.14140625
25 0.51640625 0.59140625 0.03125 0.06640625
27 0.72265625 0.92578125 0.05078125 0.07578125
2 0.3859375 0.28671875 0.03515625 0.0359375
0 0.378125 0.43671875 0.040625 0.04296875
30 0.5796875 0.53984375 0.03359375 0.06953125
24 0.3828125 0.328125 0.0421875 0.04140625
19 0.50234375 0.9234375 0.0515625 0.14296875
31 0.61796875 0.3625 0.04140625 0.040625
27 0.765625 0.9171875 0.04765625 0.09140625
23 0.66328125 0.47578125 0.03984375 0.04921875
14 0.66015625 0.39453125 0.0421875 0.03984375
17 0.41640625 0.53203125 0.03046875 0.05625
1 0.34765625 0.290625 0.034375 0.03359375
13 0.65390625 0.35 0.03671875 0.040625
0 0.6171875 0.39921875 0.040625 0.0375
2 0.653125 0.3171875 0.034375 0.03828125
11 0.02890625 0.07890625 0.028125 0.07265625
7 0.2359375 0.92109375 0.0515625 0.1390625
24 0.41640625 0.59453125 0.03203125 0.0734375
8 0.44921875 0.534375 0.03046875 0.0625
32 0.4484375 0.596875 0.034375 0.075
0 0.3828125 0.3625 0.03828125 0.040625
7 0.1890625 0.91875 0.04921875 0.13515625
32 0.34375 0.3234375 0.03828125 0.03359375
1 0.13984375 0.91875 0.04921875 0.13828125