33 0.65703125 0.3984375 0.03984375 0.04453125
17 0.5484375 0.59609375 0.03515625 0.07578125
31 0.48515625 0.25703125 0.02734375 0.0625
27 0.38203125 0.359375 0.04296875 0.05
17 0.56875 0.16796875 0.02578125 0.0421875
26 0.48125 0.53046875 0.0296875 0.05625
28 0.684375 0.9203125 0.05078125 0.13671875
33 0.0671875 0.85546875 0.059375 0.07578125
0 0.53984375 0.20703125 0.02421875 0.0421875
26 0.37890625 0.39453125 0.0390625 0.0375
21 0.5140625 0.20625 0.025 0.0390625
11 0.578125 0.53203125 0.0296875 0.05859375
26 0.41796875 0.53125 0.0296875 0.05625
31 0.61640625 0.3625 0.03984375 0.04375
7 0.0921875 0.67421875 0.04296875 0.0671875
24 0.61328125 0.29375 0.03671875 0.0375
16 0.58125 0.5953125 0.03203125 0.0734375
26 0.571875 0.25859375 0.02890625 0.06484375
31 0.63359375 0.91875 0.05 0.13515625
6 0.33671875 0.434375 0.0421875 0.0453125
19 0.48515625 0.91953125 0.05078125 0.13671875
21 0.515625 0.25703125 0.0265625 0.06015625
2 0.4609375 0.2078125 0.02734375 0.04453125
28 0.38515625 0.32265625 0.03984375 0.04375
33 0.07265625 0.796875 0.05703125 0.05859375
20 0.41875 0.65703125 0.0453125 0.0625
25 0.61953125 0.43203125 0.04296875 0.04453125
20 0.6171875 0.39609375 0.04140625 0.040625
25 0.51484375 0.53125 0.03515625 0.05546875
28 0.73359375 0.9203125 0.05234375 0.13515625
7 0.10390625 0.62109375 0.0515625 0.06015625
27 0.43125 0.20859375 0.02734375 0.04375
4 0.79765625 0.92109375 0.05078125 0.13671875
21 0.6515625 0.32421875 0.03828125 0.03984375
17 0.3390625 0.39453125 0.03671875 0.03515625
24 0.66484375 0.48125 0.04140625 0.05703125
18 0.2890625 0.9203125 0.05234375 0.1359375
27 0.03046875 0.07890625 0.02890625 0.075
29 0.621875 0.4796875 0.0421875 0.059375
18 0.23828125 0.91796875 0.05 0.13359375
12 0.18828125 0.91875 0.0484375 0.13359375
1 0.3359375 0.91875 0.04921875 0.13359375
14 0.534375 0.91875 0.0484375 0.1328125
18 0.4875 0.20625 0.025 0.04140625
19 0.434375 0.92109375 0.05 0.13515625
14 0.58359375 0.91796875 0.04765625 0.13359375
22 0.5421875 0.2578125 0.0265625 0.06171875
6 0.43046875 0.25625 0.02734375 0.06015625
5 0.45859375 0.25625 0.02734375 0.059375
9 0.48203125 0.59765625 0.03203125 0.0703125
27 0.51484375 0.59453125 0.03125 0.0703125
29 0.38828125 0.29140625 0.03515625 0.0390625
25 0.375 0.4328125 0.03984375 0.04375
3 0.65 0.2890625 0.03671875 0.03671875
33 0.078125 0.73515625 0.05078125 0.0703125
1 0.38828125 0.91953125 0.04921875 0.13515625
24 0.6125 0.32734375 0.0375 0.03984375
8 0.34296875 0.32265625 0.03984375 0.03671875
1 0.56875 0.20703125 0.028125 0.04453125
12 0.1390625 0.9171875 0.0484375 0.13203125
24 0.44921875 0.59375 0.0328125 0.0703125
18 0.34609375 0.28828125 0.04296875 0.03515625
9 0.41484375 0.5921875 0.034375 0.06640625
22 0.34140625 0.35859375 0.03984375 0.03984375
13 0.30546875 0.3234375 0.0390625 0.040625
23 0.659375 0.43359375 0.0390625 0.04375
3 0.65390625 0.359375 0.040625 0.03515625
15 0.309375 0.2890625 0.0390625 0.0375
30 0.4484375 0.5328125 0.03125 0.05703125
7 0.11171875 0.58046875 0.05 0.05625
14 0.33359375 0.47734375 0.0421875 0.05703125
22 0.375 0.47578125 0.04140625 0.0609375
23 0.30234375 0.3640625 0.040625 0.0546875
2 0.703125 0.4359375 0.04296875 0.046875
29 0.546875 0.5296875 0.03046875 0.0578125
6 0.70625 0.48046875 0.04375 0.0578125