21 0.46015625 0.2359375 0.0265625 0.040625
3 0.48671875 0.23515625 0.02578125 0.04140625
4 0.18984375 0.9203125 0.05 0.12890625
13 0.28828125 0.9203125 0.04921875 0.13125
24 0.459375 0.28203125 0.02578125 0.0578125
16 0.65 0.31875 0.0390625 0.03671875
3 0.4328125 0.23515625 0.02734375 0.040625
29 0.41640625 0.54609375 0.03359375 0.05234375
10 0.2390625 0.9203125 0.04921875 0.1328125
16 0.33671875 0.921875 0.04609375 0.13125
20 0.5140625 0.28359375 0.0265625 0.06015625
6 0.56796875 0.196875 0.0265625 0.0390625
29 0.5703125 0.2828125 0.02890625 0.05546875
24 0.43046875 0.28046875 0.0265625 0.05625
27 0.0296875 0.11328125 0.0296875 0.071875
4 0.140625 0.91953125 0.04921875 0.13125
2 0.540625 0.19765625 0.0265625 0.03984375
22 0.4796875 0.60546875 0.03203125 0.0609375
23 0.4796875 0.6671875 0.034375 0.0703125
21 0.378125 0.38203125 0.03671875 0.03828125
9 0.6609375 0.4984375 0.0390625 0.05625
13 0.446875 0.6671875 0.034375 0.07109375
33 0.5140625 0.23671875 0.0265625 0.04296875
9 0.65625 0.41875 0.03984375 0.040625
30 0.61953125 0.45625 0.040625 0.0421875
18 0.4140625 0.603125 0.0328125 0.05859375
31 0.38125 0.415625 0.03828125 0.03984375
21 0.34140625 0.38125 0.03828125 0.03671875
11 0.6109375 0.3203125 0.0375 0.03984375
8 0.446875 0.6015625 0.03203125 0.05859375
15 0.41171875 0.6671875 0.03515625 0.07265625
6 0.5453125 0.6078125 0.0328125 0.0703125
28 0.4484375 0.5453125 0.03203125 0.05
1 0.34765625 0.3171875 0.03671875 0.0390625
27 0.65703125 0.3875 0.03828125 0.04453125
0 0.34140625 0.34921875 0.0359375 0.0375
27 0.48125 0.55 0.03203125 0.05390625
14 0.57890625 0.60703125 0.0328125 0.06875
31 0.48515625 0.28203125 0.02578125 0.059375
22 0.3828125 0.3484375 0.03671875 0.0375
29 0.6140625 0.35 0.0390625 0.03671875
26 0.6171875 0.41796875 0.04140625 0.03984375
26 0.62109375 0.4984375 0.04140625 0.05625
17 0.51328125 0.60859375 0.03203125 0.0703125
18 0.33984375 0.415625 0.03984375 0.03984375
27 0.3328125 0.49765625 0.040625 0.05625
30 0.43671875 0.91875 0.04921875 0.13046875
25 0.5453125 0.546875 0.03203125 0.053125
25 0.5421875 0.28203125 0.02734375 0.05859375
25 0.61484375 0.38359375 0.03828125 0.03828125
17 0.65234375 0.35234375 0.0375 0.040625
30 0.38515625 0.921875 0.0453125 0.13359375
6 0.37265625 0.496875 0.03828125 0.0546875
2 0.33515625 0.45078125 0.03984375 0.04140625
5 0.378125 0.4546875 0.0390625 0.040625
4 0.70078125 0.44453125 0.040625 0.0515625
26 0.5140625 0.54609375 0.03046875 0.05078125
24 0.66171875 0.45390625 0.040625 0.0375
24 0.56875 0.2359375 0.0265625 0.04453125
22 0.57890625 0.54609375 0.03046875 0.0515625
23 0.54140625 0.23359375 0.0265625 0.03984375
7 0.75078125 0.9171875 0.0421875 0.08359375
20 0.70546875 0.49453125 0.03359375 0.06796875
7 0.71328125 0.91484375 0.03984375 0.0828125
7 0.7953125 0.92578125 0.0515625 0.07109375
26 0.384375 0.3140625 0.0359375 0.03359375
17 0.30859375 0.32109375 0.03828125 0.05
33 0.84453125 0.9265625 0.05390625 0.07109375
33 0.92421875 0.91640625 0.04609375 0.0859375
33 0.88671875 0.91796875 0.046875 0.0875