33 0.38125 0.36328125 0.040625 0.0453125
33 0.61953125 0.4359375 0.040625 0.04453125
16 0.759375 0.92265625 0.0515625 0.075
33 0.66015625 0.43515625 0.03828125 0.0453125
4 0.140625 0.91875 0.0484375 0.13671875
31 0.38359375 0.3234375 0.03984375 0.04296875
5 0.540625 0.16640625 0.025 0.04140625
19 0.446875 0.65546875 0.03515625 0.078125
33 0.44765625 0.5875 0.03515625 0.0609375
31 0.61640625 0.36328125 0.0421875 0.04375
25 0.4484375 0.53046875 0.0328125 0.053125
19 0.05703125 0.07890625 0.02890625 0.07578125
23 0.08828125 0.078125 0.03046875 0.07421875
14 0.5140625 0.165625 0.025 0.04140625
2 0.4546875 0.06015625 0.03203125 0.0484375
21 0.5140625 0.53203125 0.0328125 0.05859375
31 0.54453125 0.53359375 0.03515625 0.06015625
20 0.70625 0.4796875 0.04296875 0.05859375
5 0.69609375 0.36171875 0.03828125 0.03671875
18 0.43203125 0.25703125 0.028125 0.059375
30 0.6125 0.29296875 0.0359375 0.034375
25 0.3078125 0.28984375 0.0390625 0.0390625
30 0.4859375 0.20625 0.02890625 0.04609375
16 0.715625 0.9140625 0.0421875 0.08515625
1 0.24375 0.0640625 0.02890625 0.05390625
9 0.70234375 0.4375 0.040625 0.04375
26 0.6140625 0.32421875 0.0375 0.03515625
8 0.5078125 0.0640625 0.0234375 0.05546875
32 0.34921875 0.0609375 0.02734375 0.05234375
21 0.58125 0.59140625 0.03359375 0.0609375
4 0.03046875 0.078125 0.02890625 0.075
4 0.4859375 0.25703125 0.0296875 0.06328125
14 0.46015625 0.2578125 0.03203125 0.06328125
20 0.515625 0.20625 0.02578125 0.0453125
10 0.6796875 0.91484375 0.040625 0.08671875
24 0.5421875 0.20546875 0.02734375 0.04375
5 0.3015625 0.36875 0.0390625 0.05234375
30 0.57734375 0.53125 0.0359375 0.0578125
4 0.59765625 0.92578125 0.04765625 0.07109375
20 0.41484375 0.5890625 0.03203125 0.05859375
27 0.61640625 0.39765625 0.03984375 0.04296875
3 0.925 0.915625 0.0484375 0.0875
12 0.4625 0.16640625 0.02578125 0.03984375
11 0.23984375 0.9203125 0.04921875 0.1375
0 0.653125 0.3265625 0.03984375 0.04375
30 0.35390625 0.92109375 0.05078125 0.13828125
3 0.56875 0.16640625 0.0265625 0.04140625
27 0.6984375 0.3984375 0.04140625 0.0421875
0 0.5140625 0.65703125 0.03671875 0.075
24 0.6578125 0.396875 0.0421875 0.04140625
27 0.57109375 0.25859375 0.028125 0.06171875
18 0.66328125 0.4796875 0.04296875 0.0609375
16 0.80078125 0.91484375 0.04375 0.0859375
10 0.3359375 0.434375 0.0421875 0.0484375
26 0.34609375 0.32109375 0.03828125 0.03515625
7 0.64140625 0.9140625 0.0421875 0.0859375
2 0.3984375 0.0625 0.03046875 0.0546875
15 0.4796875 0.6546875 0.0328125 0.075
2 0.42421875 0.0640625 0.028125 0.05234375
24 0.3765625 0.4796875 0.04375 0.06328125
28 0.515625 0.2578125 0.02578125 0.0625
8 0.5359375 0.0484375 0.0328125 0.02578125
15 0.65078125 0.29140625 0.03671875 0.03671875
18 0.6578125 0.36328125 0.0390625 0.03671875
19 0.5703125 0.20703125 0.02734375 0.046875
14 0.5125 0.58828125 0.0328125 0.06015625
25 0.30625 0.321875 0.03984375 0.0453125
3 0.840625 0.915625 0.04609375 0.08828125
11 0.28984375 0.91953125 0.05 0.1390625
13 0.48671875 0.16640625 0.028125 0.03828125
25 0.5421875 0.25859375 0.0296875 0.06015625
1 0.2671875 0.0640625 0.0265625 0.05390625
29 0.62109375 0.48046875 0.0421875 0.0578125
32 0.3765625 0.0625 0.02890625 0.05546875
20 0.3421875 0.35859375 0.03984375 0.04609375
29 0.3484375 0.29140625 0.03359375 0.040625
0 0.4125 0.65703125 0.03671875 0.0765625
19 0.33359375 0.48046875 0.040625 0.059375
9 0.55 0.65859375 0.0375 0.075
18 0.37734375 0.4359375 0.0421875 0.046875
8 0.48125 0.06328125 0.02578125 0.0546875
0 0.4609375 0.20625 0.02421875 0.04609375
26 0.38359375 0.28984375 0.0375 0.02734375
29 0.54765625 0.590625 0.0359375 0.06171875
24 0.58203125 0.65625 0.03359375 0.0765625
10 0.48125 0.5875 0.03203125 0.06171875
28 0.3796875 0.396875 0.03984375 0.0453125
21 0.4796875 0.53203125 0.034375 0.0515625
32 0.31953125 0.0578125 0.03046875 0.04453125
22 0.1890625 0.91875 0.05078125 0.1375
8 0.53515625 0.08125 0.03125 0.04140625
9 0.4328125 0.20625 0.02265625 0.04296875
28 0.3390625 0.39453125 0.0390625 0.0328125
29 0.41640625 0.528125 0.03515625 0.05625
3 0.88359375 0.921875 0.04609375 0.05546875