33 0.48125 0.5484375 0.03203125 0.05859375
23 0.68359375 0.921875 0.05 0.13203125
28 0.51328125 0.61015625 0.0296875 0.06640625
2 0.4859375 0.91953125 0.04921875 0.12890625
33 0.65859375 0.4578125 0.0390625 0.04375
1 0.0828125 0.75390625 0.05390625 0.05625
33 0.540625 0.28515625 0.03046875 0.059375
23 0.73359375 0.921875 0.05 0.13125
30 0.43125 0.284375 0.0265625 0.059375
33 0.540625 0.2375 0.028125 0.04296875
12 0.33828125 0.921875 0.05078125 0.13125
26 0.45859375 0.28359375 0.03046875 0.065625
30 0.34140625 0.41640625 0.0390625 0.0390625
12 0.2890625 0.921875 0.05078125 0.13125
11 0.58359375 0.92265625 0.05 0.13203125
17 0.6328125 0.921875 0.05 0.134375
25 0.61953125 0.45546875 0.040625 0.0390625
24 0.578125 0.55 0.034375 0.06015625
30 0.6109375 0.3171875 0.03515625 0.03671875
9 0.240625 0.921875 0.05078125 0.13203125
18 0.54375 0.5484375 0.03359375 0.05625
19 0.578125 0.6109375 0.034375 0.06953125
19 0.703125 0.45625 0.04140625 0.0421875
26 0.4171875 0.54765625 0.03046875 0.0578125
0 0.4609375 0.234375 0.02578125 0.03671875
29 0.57109375 0.2859375 0.03046875 0.0609375
10 0.65625 0.4171875 0.04375 0.04375
0 0.3359375 0.453125 0.0390625 0.04140625
28 0.5140625 0.55 0.03203125 0.05546875
21 0.61640625 0.38359375 0.0390625 0.03828125
15 0.434375 0.2375 0.02734375 0.04140625
20 0.4796875 0.6046875 0.03046875 0.0625
29 0.62109375 0.496875 0.04140625 0.0546875
18 0.5703125 0.2375 0.02578125 0.04375
25 0.41328125 0.66875 0.03828125 0.0703125
31 0.484375 0.284375 0.02734375 0.06015625
32 0.11796875 0.5640625 0.04921875 0.0453125
29 0.65078125 0.3484375 0.0359375 0.0390625
31 0.4484375 0.54765625 0.03359375 0.06015625
5 0.534375 0.92265625 0.05 0.13359375
27 0.51484375 0.19921875 0.025 0.03984375
25 0.38359375 0.34609375 0.04140625 0.04140625
0 0.6953125 0.38359375 0.03671875 0.0390625
32 0.11015625 0.60078125 0.05234375 0.05234375
20 0.66328125 0.5015625 0.0421875 0.053125
24 0.6875 0.31640625 0.03671875 0.03359375
21 0.6515625 0.315625 0.0328125 0.03359375
25 0.44609375 0.66875 0.034375 0.071875
6 0.1421875 0.91953125 0.04921875 0.13046875
9 0.33515625 0.49609375 0.0421875 0.05703125
27 0.51484375 0.28515625 0.02734375 0.0609375
2 0.1359375 0.4421875 0.03828125 0.0484375
24 0.3453125 0.35078125 0.0375 0.04296875
5 0.30625 0.34765625 0.03984375 0.0359375
6 0.190625 0.92109375 0.0515625 0.13203125
26 0.44765625 0.603125 0.03046875 0.06171875
10 0.8328125 0.2703125 0.04140625 0.03359375
28 0.38203125 0.3796875 0.0359375 0.034375
14 0.30234375 0.38125 0.0390625 0.03515625
16 0.8171875 0.178125 0.04296875 0.0359375
14 0.3875 0.921875 0.05 0.1328125
24 0.515625 0.23671875 0.025 0.04609375
16 0.82890625 0.24453125 0.0390625 0.03515625
0 0.70625 0.49921875 0.04140625 0.05390625
16 0.82578125 0.2109375 0.03203125 0.034375
4 0.03046875 0.1140625 0.03046875 0.0734375
19 0.06015625 0.11484375 0.02890625 0.075
10 0.54453125 0.61171875 0.03359375 0.06953125
23 0.08828125 0.1125 0.028125 0.07578125
22 0.43671875 0.92109375 0.046875 0.134375
29 0.41484375 0.6015625 0.03359375 0.05703125
5 0.4796875 0.6671875 0.034375 0.071875
8 0.18125 0.32890625 0.0265625 0.04765625
8 0.15390625 0.32734375 0.03828125 0.04453125
8 0.15 0.371875 0.03828125 0.0421875
8 0.14375 0.40625 0.0390625 0.04453125
2 0.12890625 0.4828125 0.0453125 0.04296875
2 0.121875 0.5234375 0.03984375 0.04296875
32 0.0953125 0.65078125 0.04375 0.05390625
1 0.07265625 0.80390625 0.04921875 0.0609375
3 0.31015625 0.31328125 0.03984375 0.0359375
13 0.29609375 0.41484375 0.040625 0.0328125
12 0.2953125 0.459375 0.0421875 0.04296875
20 0.3421875 0.38046875 0.0390625 0.0375
19 0.34765625 0.31328125 0.03828125 0.02421875
27 0.3859375 0.31171875 0.034375 0.03125
4 0.3796875 0.41484375 0.0390625 0.0359375
14 0.3765625 0.45390625 0.04296875 0.04765625
18 0.3765625 0.49609375 0.04296875 0.05390625
5 0.48828125 0.1953125 0.02578125 0.0359375
18 0.48671875 0.2328125 0.02578125 0.0390625
9 0.53984375 0.1953125 0.021875 0.0390625
20 0.5671875 0.20078125 0.0265625 0.04609375
31 0.6109375 0.34609375 0.03671875 0.0296875
21 0.61640625 0.41484375 0.0328125 0.0421875
15 0.69921875 0.4140625 0.03828125 0.028125
9 0.69140625 0.3484375 0.04140625 0.0375
14 0.65546875 0.38203125 0.03984375 0.0359375
3 0.8015625 0.0875 0.034375 0.025
3 0.81171875 0.1171875 0.0328125 0.034375
3 0.809375 0.15078125 0.03515625 0.0265625
7 0.8390625 0.30078125 0.04609375 0.034375
4 0.84921875 0.34609375 0.03515625 0.05234375