22 0.13984375 0.91953125 0.046875 0.1328125
8 0.45078125 0.8609375 0.04375 0.05390625
8 0.44921875 0.92421875 0.04609375 0.06796875
8 0.49296875 0.915625 0.0375 0.084375
8 0.52890625 0.91171875 0.03515625 0.08984375
2 0.57265625 0.9234375 0.04609375 0.06875
2 0.615625 0.91328125 0.0375 0.08671875
2 0.653125 0.9140625 0.03515625 0.0859375
32 0.68984375 0.9140625 0.03828125 0.08671875
32 0.7265625 0.915625 0.0390625 0.084375
32 0.7703125 0.921875 0.05390625 0.06875
1 0.8686440671875 0.9229813671875 0.8693502828125 0.9093167703124999 0.8622881359375001 0.8881987578125001 0.8608757062500001 0.873291925 0.83262711875 0.8720496890625 0.82838983125 0.875776396875 0.8347457625000001 0.934161490625 0.8340395484375 0.9565217390624999 0.8658192093749999 0.9565217390624999 0.8707627125 0.9478260875 0.872175140625 0.9354037265624999 0.8686440671875 0.9229813671875
1 0.8997175140625 0.875776396875 0.8947740109375 0.8720496890625 0.8686440671875 0.8720496890625 0.8644067796874999 0.875776396875 0.8644067796874999 0.88447205 0.87288135625 0.9540372671874999 0.9039548015625 0.955279503125 0.9088983046875001 0.9391304343750001 0.8997175140625 0.875776396875
4 0.02890625 0.07890625 0.0296875 0.07734375
19 0.05859375 0.078125 0.02890625 0.07578125
23 0.0875 0.078125 0.028125 0.0734375
3 0.20974576250000002 0.03726708125 0.204802259375 0.0621118015625 0.20692090468750002 0.0857142859375 0.226694915625 0.0881987578125 0.23022598906249997 0.0807453421875 0.2323446328125 0.039751553125 0.22740112968749998 0.0360248453125 0.20974576250000002 0.03726708125
3 0.23305084687500002 0.0434782609375 0.23093220312499999 0.059627329687499994 0.23305084687500002 0.07950310625 0.26200565 0.0770186328125 0.2627118640625 0.03726708125 0.2365819203125 0.0360248453125 0.23305084687500002 0.0434782609375
3 0.2634180796875 0.08447204999999999 0.285310734375 0.086956521875 0.28813559375 0.03726708125 0.26906779687500004 0.0360248453125 0.26412429375 0.045962732812500004 0.2634180796875 0.08447204999999999
16 0.28813559375 0.06832298125 0.2902542375 0.08447204999999999 0.3100282484375 0.0857142859375 0.313559321875 0.038509317187499996 0.2916666671875 0.03726708125 0.28813559375 0.06832298125
16 0.3149717515625 0.0434782609375 0.313559321875 0.0670807453125 0.3170903953125 0.0782608703125 0.343926553125 0.0782608703125 0.34463276875000004 0.03726708125 0.3170903953125 0.0360248453125 0.3149717515625 0.0434782609375
16 0.34604519843750003 0.08447204999999999 0.3672316390625 0.086956521875 0.37005649687500003 0.038509317187499996 0.3502824859375 0.0360248453125 0.3474576265625 0.042236024999999996 0.34604519843750003 0.08447204999999999
10 0.372175140625 0.0857142859375 0.39336158125 0.0857142859375 0.39406779687500004 0.0360248453125 0.37288135625 0.0360248453125 0.37076271250000004 0.055900621875 0.372175140625 0.0857142859375
7 0.39548022656250004 0.086956521875 0.41807909531250004 0.0857142859375 0.41807909531250004 0.038509317187499996 0.3975988703125 0.0360248453125 0.39548022656250004 0.0434782609375 0.39548022656250004 0.086956521875
4 0.4209039546875 0.039751553125 0.42161016875 0.07950310625 0.4512711859375 0.0770186328125 0.452683615625 0.045962732812500004 0.450564971875 0.03726708125 0.4258474578125 0.0360248453125 0.4209039546875 0.039751553125
20 0.29661016875 0.270807453125 0.2916666671875 0.27950310625 0.289548021875 0.30434782656250003 0.3241525421875 0.30310559062500003 0.327683615625 0.28944099375 0.325564971875 0.273291925 0.3220338984375 0.270807453125 0.29661016875 0.270807453125
9 0.3227401125 0.3068322984375 0.29237288125 0.30434782656250003 0.28813559375 0.31055900625 0.2846045203125 0.3254658390625 0.28601694843750003 0.3366459625 0.32062146875 0.3378881984375 0.3227401125 0.334161490625 0.3248587578125 0.3142857140625 0.3227401125 0.3068322984375
18 0.3290960453125 0.2782608703125 0.327683615625 0.30434782656250003 0.3644067796875 0.3018633546875 0.36511299375 0.2782608703125 0.36299435 0.273291925 0.33050847499999997 0.27204968906250004 0.3290960453125 0.2782608703125
24 0.3220338984375 0.345341615625 0.32062146875 0.37391304375 0.3227401125 0.376397515625 0.3594632765625 0.371428571875 0.3601694921875 0.34037267031249996 0.3262711859375 0.339130434375 0.3220338984375 0.345341615625
18 0.32062146875 0.3875776390625 0.32062146875 0.4124223609375 0.35593220312499996 0.413664596875 0.3587570625 0.40745341562500004 0.3587570625 0.376397515625 0.3248587578125 0.376397515625 0.32062146875 0.3875776390625
18 0.563559321875 0.5590062109375 0.592514125 0.555279503125 0.5911016953125 0.5043478265625 0.563559321875 0.5031055906249999 0.5621468921874999 0.5068322984375 0.563559321875 0.5590062109375
18 0.5960451984375 0.3093167703125 0.5953389828125 0.339130434375 0.5974576265625 0.3428571421875 0.62711864375 0.344099378125 0.6327683609375 0.339130434375 0.6285310734375 0.3118012421875 0.5960451984375 0.3093167703125
24 0.5932203390625 0.2782608703125 0.59463276875 0.3068322984375 0.6306497171875 0.3068322984375 0.6292372875 0.28571428593750003 0.625 0.2745341609375 0.59887005625 0.273291925 0.5932203390625 0.2782608703125
24 0.43008474531249996 0.57391304375 0.43149717499999996 0.6173913046874999 0.46186440624999997 0.6149068328125 0.4632768359375 0.5639751546875 0.4597457625 0.5577639750000001 0.4322033890625 0.5614906828125 0.43008474531249996 0.57391304375
24 0.41949152500000003 0.155279503125 0.42019774062500004 0.18385093125000002 0.4392655375 0.1850931671875 0.44350282500000004 0.181366459375 0.44420903906250003 0.14782608749999998 0.42161016875 0.14782608749999998 0.41949152500000003 0.155279503125
21 0.41807909531250004 0.21614906875 0.4209039546875 0.22360248437500002 0.44350282500000004 0.22236024843750002 0.4427966109375 0.1875776390625 0.41878531093750004 0.188819875 0.41807909531250004 0.21614906875
21 0.5014124296875 0.28198757812499997 0.52612994375 0.28447205000000003 0.5268361578125 0.2298136640625 0.5240113 0.22608695625 0.5014124296875 0.22732919218749997 0.5014124296875 0.28198757812499997
21 0.4731638421875 0.28571428593750003 0.49788135625 0.28571428593750003 0.5 0.2621118015625 0.4985875703125 0.2298136640625 0.4731638421875 0.22857142812500003 0.4731638421875 0.28571428593750003
15 0.525423728125 0.181366459375 0.5247175140625 0.14782608749999998 0.5007062140625 0.14782608749999998 0.5014124296875 0.1850931671875 0.525423728125 0.181366459375
15 0.3177966109375 0.4509316765625 0.31426553749999997 0.4534161484375 0.3121468921875 0.4633540375 0.31073446250000003 0.48944099375 0.313559321875 0.5043478265625 0.3481638421875 0.5068322984375 0.3509887 0.5031055906249999 0.3524011296875 0.4521739125 0.3177966109375 0.4509316765625
12 0.5642655375000001 0.642236025 0.5607344624999999 0.6211180125 0.5317796609375 0.6198757765625 0.5296610171875 0.623602484375 0.532485875 0.68944099375 0.5360169484374999 0.6931677015625 0.561440678125 0.691925465625 0.5642655375000001 0.681987578125 0.5642655375000001 0.642236025
9 0.44562146875 0.18633540312500002 0.4724576265625 0.18260869531249999 0.47033898281250003 0.14782608749999998 0.4491525421875 0.1465838515625 0.44562146875 0.157763975 0.44562146875 0.18633540312500002
9 0.5628531078125001 0.5628708078125 0.561440678125 0.601380125 0.5642655375000001 0.6311937890625 0.5932203390625 0.6287093171875 0.5960451984375 0.6063490687499999 0.5932203390625 0.5628708078125 0.5628531078125001 0.5628708078125
3 0.3990113 0.6211180125 0.39477401093750003 0.6521739125 0.39406779687500004 0.6807453421874999 0.3968926546875 0.691925465625 0.424435028125 0.691925465625 0.42867231562499997 0.6745341609375 0.42867231562499997 0.6223602484375 0.3990113 0.6211180125
0 0.5296610171875 0.61614906875 0.561440678125 0.6149068328125 0.5593220343749999 0.56273291875 0.5360169484374999 0.560248446875 0.5296610171875 0.5664596265624999 0.5296610171875 0.61614906875
0 0.3177966109375 0.42360248437500003 0.3170903953125 0.449689440625 0.3531073453125 0.449689440625 0.35663841875 0.41739130468749996 0.349576271875 0.4124223609375 0.32062146875 0.413664596875 0.3177966109375 0.42360248437500003
0 0.4985875703125 0.181366459375 0.4964689265625 0.1490683234375 0.4731638421875 0.1490683234375 0.47387005625 0.18385093125000002 0.4985875703125 0.181366459375
0 0.579802259375 0.18260869531249999 0.57838983125 0.14782608749999998 0.556497175 0.14782608749999998 0.5550847453125 0.1850931671875 0.579802259375 0.18260869531249999
25 0.55437853125 0.2298136640625 0.531073446875 0.22857142812500003 0.5296610171875 0.2360248453125 0.5317796609375 0.2484472046875 0.5289548015625 0.28198757812499997 0.5317796609375 0.28571428593750003 0.553672315625 0.28447205000000003 0.5557909609375 0.270807453125 0.55437853125 0.2298136640625
25 0.717514125 0.41490683281249996 0.681497175 0.41614906874999996 0.6800847453125 0.42236024843750003 0.6843220343749999 0.449689440625 0.700564971875 0.44720496875000004 0.717514125 0.4521739125 0.7217514125 0.4484472046875 0.717514125 0.41490683281249996
25 0.6850282484375 0.4534161484375 0.6857344624999999 0.5055900624999999 0.6991525421875 0.508074534375 0.72387005625 0.5018633546875 0.7252824859375 0.48322981406250004 0.7203389828125 0.4521739125 0.6850282484375 0.4534161484375
25 0.43361581875 0.5142857140625 0.43361581875 0.5565217390625 0.4632768359375 0.555279503125 0.4639830515625 0.5068322984375 0.4392655375 0.5031055906249999 0.43432203437499994 0.508074534375 0.43361581875 0.5142857140625
19 0.4032485875 0.5590062109375 0.3997175140625 0.565217390625 0.3975988703125 0.586335403125 0.3997175140625 0.6173913046874999 0.4258474578125 0.6173913046874999 0.42937853125 0.613664596875 0.42867231562499997 0.5614906828125 0.4032485875 0.5590062109375
19 0.66737288125 0.296894409375 0.6645480218750001 0.27204968906250004 0.632062146875 0.2745341609375 0.6334745765625 0.30434782656250003 0.66737288125 0.296894409375
19 0.52612994375 0.1751552796875 0.5289548015625 0.1850931671875 0.5529661015625 0.18385093125000002 0.5522598875 0.1490683234375 0.5268361578125 0.1490683234375 0.52612994375 0.1751552796875
10 0.5007062140625 0.20124223593749999 0.5042372875 0.218633540625 0.525423728125 0.2173913046875 0.52612994375 0.18633540312500002 0.5014124296875 0.1875776390625 0.5007062140625 0.20124223593749999
10 0.657485875 0.29937888125 0.6327683609375 0.308074534375 0.634180790625 0.334161490625 0.63700565 0.34161490625 0.6645480218750001 0.34161490625 0.67161016875 0.3354037265625 0.6680790953125 0.30310559062500003 0.657485875 0.29937888125
4 0.4985875703125 0.508074534375 0.4985875703125 0.555279503125 0.5275423734375 0.555279503125 0.5289548015625 0.524223603125 0.5268361578125 0.5055900624999999 0.5 0.5043478265625 0.4985875703125 0.508074534375
13 0.49788135625 0.62608695625 0.4985875703125 0.68944099375 0.52612994375 0.691925465625 0.5289548015625 0.6857142859375001 0.5268361578125 0.6211180125 0.5035310734375 0.6198757765625 0.49788135625 0.62608695625
26 0.6384180796875001 0.45465838437499995 0.6024011296875 0.45465838437499995 0.6024011296875 0.5031055906249999 0.6045197734375 0.508074534375 0.6377118640624999 0.508074534375 0.6412429375 0.5031055906249999 0.641949153125 0.47950310625 0.6384180796875001 0.45465838437499995
26 0.63912429375 0.43850931718749997 0.641949153125 0.4521739125 0.6800847453125 0.4509316765625 0.6758474578125 0.41614906874999996 0.6405367234375 0.41614906874999996 0.63912429375 0.43850931718749997
26 0.3587570625 0.41739130468749996 0.35663841875 0.449689440625 0.39406779687500004 0.449689440625 0.39548022656250004 0.44596273281250004 0.39477401093750003 0.413664596875 0.3615819203125 0.4124223609375 0.3587570625 0.41739130468749996
20 0.4639830515625 0.61614906875 0.49505649687500003 0.6149068328125 0.49505649687500003 0.5614906828125 0.47033898281250003 0.560248446875 0.464689265625 0.5664596265624999 0.4639830515625 0.61614906875
20 0.6398305078125001 0.413664596875 0.6772598875 0.4124223609375 0.6758474578125 0.38260869531249997 0.6730225984375 0.3788819875 0.63912429375 0.3801242234375 0.6398305078125001 0.413664596875
20 0.5819209046875 0.22360248437500002 0.579802259375 0.1875776390625 0.5550847453125 0.1875776390625 0.5572033890625 0.22732919218749997 0.5819209046875 0.22360248437500002
14 0.5607344624999999 0.5565217390625 0.55861581875 0.5043478265625 0.53036723125 0.5068322984375 0.53036723125 0.5577639750000001 0.5607344624999999 0.5565217390625
14 0.49576271250000004 0.670807453125 0.49293785312500005 0.6198757765625 0.46680790937500005 0.618633540625 0.4632768359375 0.62608695625 0.46539547968750006 0.6335403734375 0.46539547968750006 0.6633540375 0.46257062187500003 0.66832298125 0.464689265625 0.68944099375 0.49364406718750004 0.6906832296875 0.49576271250000004 0.670807453125
14 0.49788135625 0.2248447203125 0.497175140625 0.1875776390625 0.47387005625 0.1875776390625 0.474576271875 0.22360248437500002 0.49788135625 0.2248447203125
5 0.43149717499999996 0.618633540625 0.42937853125 0.623602484375 0.4279661015625 0.6770186328125 0.43008474531249996 0.691925465625 0.4597457625 0.6906832296875 0.46257062187500003 0.6409937890624999 0.46045197812499994 0.6211180125 0.43149717499999996 0.618633540625
5 0.3170903953125 0.3751552796875 0.282485875 0.376397515625 0.2782485875 0.397515528125 0.2782485875 0.41614906874999996 0.282485875 0.42608695625 0.313559321875 0.42608695625 0.3177966109375 0.40993788750000004 0.318502825 0.3801242234375 0.3170903953125 0.3751552796875
5 0.6779661015625 0.40248447187499997 0.6807909609375 0.413664596875 0.7182203390625 0.4124223609375 0.7139830515625001 0.3788819875 0.6779661015625 0.3801242234375 0.6779661015625 0.40248447187499997
29 0.648305084375 0.4534161484375 0.64336158125 0.4571428578125 0.64336158125 0.48944099375 0.646186440625 0.508074534375 0.6829096046875 0.5055900624999999 0.68361581875 0.4857142859375 0.678672315625 0.4534161484375 0.648305084375 0.4534161484375
29 0.3764124296875 0.2695652171875 0.3686440671875 0.2745341609375 0.3672316390625 0.2981366453125 0.36935028281250004 0.3068322984375 0.4032485875 0.3018633546875 0.40395480156249997 0.2807453421875 0.400423728125 0.27204968906250004 0.3764124296875 0.2695652171875
29 0.5572033890625 0.22857142812500003 0.5579096046875 0.28571428593750003 0.5748587578125 0.28571428593750003 0.58262711875 0.2807453421875 0.5847457625 0.25838509374999996 0.5819209046875 0.2298136640625 0.5572033890625 0.22857142812500003
29 0.4717514125 0.22360248437500002 0.47104519843750003 0.1875776390625 0.44562146875 0.1875776390625 0.44562146875 0.22608695625 0.4717514125 0.22360248437500002
31 0.44491525468750004 0.2832298140625 0.47033898281250003 0.2832298140625 0.47104519843750003 0.2310559 0.4597457625 0.22732919218749997 0.44491525468750004 0.2298136640625 0.44491525468750004 0.2832298140625
31 0.3615819203125 0.411180125 0.3968926546875 0.4124223609375 0.3990113 0.40745341562500004 0.3975988703125 0.376397515625 0.3615819203125 0.3788819875 0.3615819203125 0.411180125
31 0.6009887 0.41614906874999996 0.6002824859375 0.4484472046875 0.6024011296875 0.4534161484375 0.617937853125 0.4484472046875 0.63912429375 0.4509316765625 0.63700565 0.41739130468749996 0.6009887 0.41614906874999996
27 0.4018361578125 0.508074534375 0.400423728125 0.5279503109375 0.400423728125 0.560248446875 0.43079096093749997 0.555279503125 0.43290960468749995 0.539130434375 0.43149717499999996 0.5043478265625 0.40466101718749997 0.5031055906249999 0.4018361578125 0.508074534375
27 0.282485875 0.3751552796875 0.318502825 0.37391304375 0.3227401125 0.34161490625 0.287429378125 0.3378881984375 0.282485875 0.35900621093749996 0.282485875 0.3751552796875
27 0.3622881359375 0.37391304375 0.3990113 0.3726708078125 0.3997175140625 0.34037267031249996 0.365819209375 0.3366459625 0.36299435 0.3478260875 0.3622881359375 0.37391304375
33 0.3262711859375 0.3378881984375 0.3615819203125 0.3366459625 0.36299435 0.3068322984375 0.32980225937499996 0.3055900625 0.3269774015625 0.31055900625 0.3262711859375 0.3378881984375
33 0.365819209375 0.339130434375 0.400423728125 0.3378881984375 0.40112994375 0.3055900625 0.36935028281250004 0.3055900625 0.36511299375 0.313043478125 0.365819209375 0.339130434375
33 0.55437853125 0.22360248437500002 0.5529661015625 0.1875776390625 0.5289548015625 0.1875776390625 0.5289548015625 0.22360248437500002 0.55437853125 0.22360248437500002
33 0.599576271875 0.41490683281249996 0.63700565 0.413664596875 0.6362994343749999 0.38633540312500003 0.6334745765625 0.3801242234375 0.59887005625 0.3788819875 0.599576271875 0.41490683281249996
28 0.634180790625 0.376397515625 0.629943503125 0.3428571421875 0.59463276875 0.345341615625 0.5967514125 0.3788819875 0.634180790625 0.376397515625
28 0.634180790625 0.3540372671875 0.63700565 0.376397515625 0.6730225984375 0.3751552796875 0.6709039546875 0.34161490625 0.6362994343749999 0.34161490625 0.634180790625 0.3540372671875
28 0.4661016953125 0.5068322984375 0.46680790937500005 0.5577639750000001 0.49435028281250004 0.5590062109375 0.497175140625 0.5329192546875 0.49576271250000004 0.5055900624999999 0.49011299375000006 0.5018633546875 0.4661016953125 0.5068322984375
30 0.504943503125 0.5577639750000001 0.4992937859375 0.5614906828125 0.497175140625 0.5701863359375 0.4964689265625 0.611180125 0.4985875703125 0.6173913046874999 0.5275423734375 0.6149068328125 0.5289548015625 0.57391304375 0.5268361578125 0.560248446875 0.504943503125 0.5577639750000001
30 0.3615819203125 0.4509316765625 0.35593220312499996 0.45590062187499997 0.35451977343749996 0.4956521734375 0.35663841875 0.5043478265625 0.39406779687500004 0.5043478265625 0.39548022656250004 0.46086956562500003 0.39336158125 0.4509316765625 0.3615819203125 0.4509316765625
30 0.4166666671875 0.23726708125 0.4166666671875 0.2832298140625 0.42019774062500004 0.286956521875 0.44209039531250005 0.28447205000000003 0.4427966109375 0.22857142812500003 0.41878531093750004 0.22732919218749997 0.4166666671875 0.23726708125