33 0.515625 0.259375 0.02890625 0.0640625
23 0.68359375 0.9203125 0.04921875 0.13515625
33 0.34609375 0.3234375 0.0390625 0.04140625
26 0.571875 0.2578125 0.028125 0.0640625
33 0.4484375 0.5890625 0.03515625 0.0640625
29 0.56875 0.20703125 0.02578125 0.04296875
5 0.515625 0.16796875 0.025 0.04140625
5 0.5140625 0.65625 0.03359375 0.07421875
20 0.346875 0.29140625 0.03671875 0.03828125
17 0.58359375 0.92109375 0.0515625 0.1390625
25 0.56953125 0.16484375 0.0265625 0.0359375
20 0.51640625 0.2046875 0.025 0.04453125
4 0.0296875 0.07890625 0.028125 0.075
33 0.45 0.53359375 0.03359375 0.05859375
25 0.54140625 0.1640625 0.0265625 0.03359375
26 0.546875 0.53125 0.0328125 0.05703125
14 0.3390625 0.39453125 0.0390625 0.0375
0 0.653125 0.3265625 0.03984375 0.0421875
19 0.43203125 0.20625 0.02578125 0.04296875
26 0.73359375 0.9203125 0.0515625 0.1359375
28 0.4875 0.20859375 0.03046875 0.04375
21 0.37890625 0.39609375 0.0421875 0.0421875
30 0.375 0.48046875 0.0421875 0.0578125
4 0.12890625 0.4484375 0.0390625 0.0546875
19 0.05703125 0.07890625 0.02890625 0.07578125
25 0.3859375 0.32109375 0.03828125 0.04375
4 0.615625 0.3578125 0.03828125 0.0484375
30 0.578125 0.53125 0.034375 0.05859375
31 0.5140625 0.53125 0.0328125 0.05546875
26 0.53984375 0.20390625 0.0234375 0.0453125
19 0.30546875 0.32265625 0.0421875 0.0453125
27 0.48203125 0.5328125 0.034375 0.05703125
7 0.12578125 0.4921875 0.046875 0.04609375
15 0.58125 0.59609375 0.03359375 0.071875
23 0.08828125 0.078125 0.03125 0.07421875
0 0.29765625 0.39375 0.03671875 0.03828125
28 0.61796875 0.39609375 0.040625 0.040625
1 0.8046875 0.0828125 0.0390625 0.0328125
18 0.61171875 0.29140625 0.03515625 0.0359375
21 0.38046875 0.359375 0.0375 0.03828125
5 0.70234375 0.4359375 0.03984375 0.04140625
3 0.70546875 0.4796875 0.04453125 0.05859375
0 0.54765625 0.59453125 0.03515625 0.07109375
8 0.8765625 0.46484375 0.0328125 0.07265625
2 0.84453125 0.3078125 0.04296875 0.0546875
24 0.66171875 0.4328125 0.0421875 0.0421875
8 0.85703125 0.38046875 0.04453125 0.04375
3 0.06953125 0.7875 0.0484375 0.071875
8 0.84609375 0.46640625 0.03828125 0.0671875
8 0.8625 0.41328125 0.0515625 0.0421875
31 0.53984375 0.2578125 0.02890625 0.0671875
9 0.44609375 0.65546875 0.034375 0.0734375
3 0.0859375 0.7359375 0.05625 0.06953125
1 0.8078125 0.11171875 0.0453125 0.0375
12 0.6921875 0.32421875 0.0390625 0.03828125
20 0.66015625 0.396875 0.03984375 0.0375
18 0.515625 0.59296875 0.03515625 0.0640625
16 0.33828125 0.91953125 0.0484375 0.13515625
2 0.83671875 0.2671875 0.04609375 0.040625
24 0.48203125 0.58984375 0.03125 0.059375
19 0.66484375 0.48125 0.04375 0.05859375
27 0.47890625 0.65546875 0.0375 0.075
21 0.3328125 0.4796875 0.04140625 0.0578125
30 0.65390625 0.3625 0.03515625 0.0375
32 0.83125 0.2328125 0.04609375 0.0515625
10 0.121875 0.53203125 0.0484375 0.046875
16 0.09140625 0.68125 0.053125 0.0546875
31 0.3765625 0.43125 0.04375 0.046875
29 0.3375 0.43046875 0.03984375 0.04765625
14 0.6984375 0.39765625 0.040625 0.040625
3 0.0640625 0.8546875 0.05625 0.07265625
9 0.64921875 0.29140625 0.0375 0.03828125
10 0.46015625 0.2078125 0.02578125 0.04375
10 0.34140625 0.36015625 0.0375 0.04140625
18 0.41328125 0.5921875 0.03203125 0.05859375
14 0.6125 0.31953125 0.03515625 0.03671875
9 0.296875 0.43125 0.0421875 0.04921875
7 0.2890625 0.91875 0.05078125 0.1375
27 0.621875 0.48046875 0.04140625 0.05859375
22 0.38828125 0.9203125 0.053125 0.14140625
32 0.82265625 0.16796875 0.0375 0.03828125
11 0.4359375 0.9203125 0.04765625 0.13671875
7 0.23984375 0.91796875 0.05078125 0.134375
28 0.4859375 0.25859375 0.03046875 0.05859375
25 0.61953125 0.4328125 0.04140625 0.04375
29 0.3859375 0.28671875 0.03671875 0.034375
10 0.1203125 0.5328125 0.04921875 0.046875
24 0.43046875 0.25625 0.02734375 0.06171875
2 0.85390625 0.3390625 0.0375 0.04765625
32 0.8265625 0.2046875 0.03984375 0.0375
7 0.18984375 0.91953125 0.0515625 0.13515625
20 0.4125 0.65859375 0.0359375 0.071875
6 0.14140625 0.91953125 0.05 0.13515625
13 0.6953125 0.35625 0.0421875 0.02734375
18 0.4578125 0.2546875 0.02578125 0.05390625
0 0.30703125 0.2875 0.0375 0.02890625
15 0.303125 0.3578125 0.03984375 0.034375
24 0.290625 0.4796875 0.0390625 0.05625
16 0.10859375 0.58125 0.0546875 0.05234375
16 0.0984375 0.628125 0.04296875 0.05
29 0.41640625 0.5328125 0.03046875 0.05546875
14 0.48671875 0.9203125 0.04765625 0.13671875
17 0.53515625 0.92265625 0.046875 0.128125
17 0.63359375 0.9234375 0.04453125 0.1328125