33 0.5421875 0.25859375 0.03046875 0.06171875
33 0.66328125 0.4796875 0.0421875 0.06171875
4 0.2890625 0.91953125 0.04765625 0.13515625
32 0.44921875 0.53203125 0.0328125 0.059375
32 0.37890625 0.39453125 0.040625 0.04140625
33 0.3859375 0.321875 0.03984375 0.04453125
14 0.6828125 0.9203125 0.05 0.13828125
33 0.6515625 0.315625 0.0375 0.0421875
30 0.334375 0.4765625 0.0421875 0.0609375
25 0.4859375 0.9203125 0.05234375 0.13828125
17 0.734375 0.921875 0.0515625 0.13671875
4 0.375 0.4796875 0.040625 0.059375
6 0.03046875 0.0796875 0.02890625 0.07421875
24 0.54609375 0.59609375 0.034375 0.0734375
2 0.44765625 0.58984375 0.03359375 0.06015625
3 0.57734375 0.53125 0.034375 0.05703125
30 0.4171875 0.53046875 0.03203125 0.05703125
29 0.540625 0.20625 0.0265625 0.0453125
29 0.48046875 0.6578125 0.034375 0.0734375
32 0.57109375 0.25859375 0.0296875 0.06484375
20 0.6625 0.43515625 0.03828125 0.0390625
29 0.515625 0.25859375 0.02734375 0.06328125
20 0.43203125 0.20625 0.0265625 0.04375
11 0.540625 0.1671875 0.02578125 0.04453125
2 0.34921875 0.28984375 0.0375 0.0359375
2 0.3453125 0.32265625 0.0390625 0.0421875
26 0.46015625 0.20546875 0.0265625 0.04296875
7 0.69765625 0.39609375 0.04140625 0.04296875
30 0.54453125 0.5328125 0.03359375 0.06015625
21 0.38125 0.36015625 0.0390625 0.04375
0 0.48671875 0.1640625 0.02421875 0.0359375
5 0.6203125 0.4359375 0.040625 0.040625
25 0.43125 0.25859375 0.02734375 0.059375
22 0.51484375 0.2078125 0.0234375 0.04609375
26 0.38515625 0.2890625 0.0390625 0.03671875
3 0.33828125 0.3953125 0.0390625 0.0390625
11 0.6328125 0.9203125 0.05078125 0.13671875
5 0.58359375 0.9203125 0.04921875 0.13671875
8 0.34140625 0.36015625 0.04140625 0.04140625
11 0.44765625 0.65625 0.0359375 0.075
18 0.415625 0.590625 0.03359375 0.0609375
4 0.240625 0.91953125 0.0484375 0.13515625
27 0.303125 0.3609375 0.040625 0.03984375
27 0.30859375 0.290625 0.0390625 0.0390625
18 0.45859375 0.2578125 0.02734375 0.06328125
0 0.140625 0.91953125 0.0484375 0.13359375
23 0.70234375 0.4328125 0.04296875 0.0421875
22 0.2984375 0.3953125 0.04296875 0.04140625
3 0.62109375 0.47890625 0.040625 0.0578125
24 0.5796875 0.59609375 0.03515625 0.07421875
27 0.48515625 0.25390625 0.03203125 0.07109375
16 0.70546875 0.48046875 0.04453125 0.05859375
23 0.4125 0.6546875 0.03671875 0.08046875
6 0.190625 0.91953125 0.05078125 0.134375
13 0.51484375 0.165625 0.0234375 0.0375
2 0.56953125 0.20703125 0.0265625 0.04609375
8 0.56796875 0.16640625 0.02578125 0.04375
1 0.4796875 0.53203125 0.0328125 0.06171875
5 0.53515625 0.9203125 0.0484375 0.1359375
21 0.6171875 0.396875 0.04140625 0.04296875
28 0.796875 0.91953125 0.053125 0.13515625
23 0.6125 0.2921875 0.034375 0.03359375
23 0.51328125 0.5890625 0.0359375 0.053125
14 0.46171875 0.16640625 0.02421875 0.040625
21 0.4796875 0.59375 0.03203125 0.0625
0 0.6171875 0.3609375 0.0375 0.046875
16 0.64921875 0.28125 0.0390625 0.03671875
10 0.3875 0.9203125 0.04921875 0.13515625
7 0.33828125 0.9203125 0.05078125 0.13671875
13 0.6578125 0.39453125 0.03359375 0.05390625
8 0.30546875 0.32421875 0.0421875 0.0421875
30 0.61328125 0.328125 0.0375 0.0359375
24 0.51484375 0.65546875 0.034375 0.0828125
26 0.43359375 0.20625 0.02734375 0.04375
28 0.29609375 0.4390625 0.04296875 0.05859375
3 0.3390625 0.42890625 0.03984375 0.04296875
20 0.4859375 0.203125 0.0265625 0.0359375
25 0.6953125 0.3609375 0.03828125 0.03828125
14 0.6546875 0.34921875 0.0375 0.03828125
1 0.37578125 0.43203125 0.03828125 0.03828125
19 0.5125 0.53046875 0.0328125 0.059375
10 0.4359375 0.91953125 0.0453125 0.13828125