33 0.56875 0.20703125 0.028125 0.046875
33 0.45390625 0.2078125 0.02734375 0.04375
33 0.38515625 0.32265625 0.0390625 0.0484375
32 0.61953125 0.43359375 0.0421875 0.04375
8 0.48046875 0.58984375 0.0328125 0.06328125
8 0.30859375 0.28984375 0.040625 0.03828125
7 0.51640625 0.16875 0.025 0.04296875
33 0.44921875 0.53359375 0.03203125 0.0609375
26 0.334375 0.47734375 0.04296875 0.0578125
2 0.415625 0.5890625 0.03359375 0.06015625
26 0.4171875 0.53125 0.03125 0.0578125
2 0.44765625 0.58828125 0.0328125 0.0609375
8 0.446875 0.65546875 0.03515625 0.0796875
2 0.65859375 0.43359375 0.04140625 0.04375
32 0.51484375 0.53125 0.03515625 0.0625
6 0.03046875 0.0796875 0.02890625 0.075
12 0.28828125 0.91953125 0.04921875 0.134375
29 0.3453125 0.32265625 0.03828125 0.0453125
25 0.4890625 0.165625 0.02578125 0.03671875
17 0.6828125 0.9203125 0.05 0.1375
17 0.73359375 0.91953125 0.05234375 0.1375
24 0.65 0.28984375 0.03671875 0.0375
20 0.33828125 0.3953125 0.04140625 0.04375
9 0.240625 0.91953125 0.05078125 0.1359375
18 0.4359375 0.91953125 0.05 0.13671875
18 0.6640625 0.48125 0.0421875 0.05625
21 0.484375 0.91875 0.0515625 0.1359375
2 0.35 0.29140625 0.0375 0.03828125
15 0.3375 0.9203125 0.05234375 0.1375
11 0.30625 0.31953125 0.04140625 0.03828125
9 0.190625 0.91953125 0.05078125 0.13671875
15 0.38671875 0.91953125 0.05390625 0.1375
22 0.34296875 0.35859375 0.04296875 0.0421875
29 0.38125 0.35703125 0.0359375 0.04296875
25 0.37578125 0.4765625 0.040625 0.0609375
30 0.61328125 0.325 0.0375 0.0390625
23 0.70546875 0.47890625 0.04296875 0.059375
23 0.65625 0.3609375 0.040625 0.04140625
11 0.7015625 0.43359375 0.040625 0.03828125
27 0.48046875 0.6546875 0.03203125 0.07734375
16 0.634375 0.92109375 0.05 0.13671875
26 0.3375 0.428125 0.03984375 0.0390625
23 0.42890625 0.2578125 0.028125 0.05859375
3 0.546875 0.590625 0.03359375 0.06328125
16 0.56875 0.16796875 0.02578125 0.04140625
3 0.6125 0.2890625 0.03359375 0.034375
27 0.41328125 0.65390625 0.034375 0.08125
14 0.48046875 0.20625 0.02734375 0.04296875
24 0.65234375 0.325 0.03828125 0.040625
3 0.515625 0.590625 0.0359375 0.06328125
32 0.38515625 0.2890625 0.0296875 0.034375
6 0.14140625 0.91953125 0.05 0.134375
19 0.6171875 0.3609375 0.0390625 0.0390625
16 0.42578125 0.20625 0.0265625 0.04296875
22 0.5171875 0.65390625 0.03359375 0.08203125
20 0.540625 0.20625 0.02421875 0.0375
13 0.3015625 0.35859375 0.04140625 0.04765625
13 0.509375 0.2078125 0.03125 0.0328125
1 0.5453125 0.53046875 0.03359375 0.05859375
28 0.54921875 0.65625 0.034375 0.07421875
21 0.6578125 0.3953125 0.040625 0.04296875
27 0.37890625 0.39609375 0.0390625 0.03828125
13 0.584375 0.921875 0.0515625 0.1375
14 0.29453125 0.43828125 0.0390625 0.0546875
18 0.37734375 0.4328125 0.04140625 0.040625
21 0.4796875 0.53046875 0.0328125 0.059375
21 0.51328125 0.25703125 0.028125 0.06015625
29 0.69765625 0.39609375 0.0421875 0.04296875
0 0.2984375 0.39453125 0.040625 0.04296875
0 0.48203125 0.25703125 0.0296875 0.0625
23 0.53984375 0.16796875 0.02421875 0.04140625
10 0.53359375 0.921875 0.0484375 0.13515625
4 0.57734375 0.53046875 0.03125 0.059375
24 0.69453125 0.35859375 0.03828125 0.0390625
3 0.57109375 0.253125 0.025 0.05703125
5 0.54296875 0.25625 0.0265625 0.06171875
30 0.57890625 0.59453125 0.02734375 0.07421875
30 0.45625 0.2578125 0.02578125 0.05546875