10 0.5125 0.59765625 0.0328125 0.06796875
1 0.47890625 0.59609375 0.03125 0.06875
28 0.54375 0.53203125 0.03203125 0.05703125
14 0.44765625 0.59375 0.0328125 0.07109375
16 0.5453125 0.59375 0.03203125 0.071875
30 0.61875 0.4328125 0.03984375 0.040625
0 0.384375 0.290625 0.0359375 0.0390625
30 0.5125 0.53203125 0.03125 0.0578125
6 0.4796875 0.5328125 0.03125 0.059375
24 0.54140625 0.16640625 0.02578125 0.03984375
7 0.41328125 0.5953125 0.03125 0.0703125
10 0.3453125 0.2875 0.03828125 0.03515625
21 0.415625 0.5296875 0.03125 0.05625
11 0.57734375 0.59375 0.0328125 0.071875
5 0.44765625 0.53125 0.03203125 0.05859375
29 0.56796875 0.16796875 0.02734375 0.0390625
16 0.6109375 0.290625 0.03671875 0.0390625
27 0.57578125 0.53203125 0.0328125 0.05703125
13 0.6625 0.4796875 0.03828125 0.06171875
7 0.6125 0.3265625 0.0375 0.04296875
25 0.33359375 0.4765625 0.04140625 0.06015625
24 0.3796875 0.3984375 0.03984375 0.0453125
11 0.6578125 0.39921875 0.0390625 0.040625
29 0.38515625 0.32421875 0.03671875 0.03984375
13 0.5140625 0.20546875 0.0265625 0.0421875
5 0.4328125 0.20703125 0.02734375 0.04140625
29 0.65546875 0.36171875 0.0390625 0.03984375
30 0.5421875 0.25703125 0.028125 0.0625
29 0.61953125 0.48046875 0.040625 0.06171875
2 0.45859375 0.25546875 0.02890625 0.0609375
0 0.6171875 0.3609375 0.0390625 0.040625
26 0.6171875 0.3953125 0.040625 0.04140625
28 0.57109375 0.2578125 0.028125 0.0609375
0 0.37421875 0.478125 0.03984375 0.05859375
4 0.6609375 0.4359375 0.03984375 0.0390625
27 0.340625 0.35859375 0.040625 0.040625
8 0.64921875 0.29296875 0.03828125 0.0375
25 0.46015625 0.20703125 0.02734375 0.040625
33 0.38046875 0.3625 0.03984375 0.04609375
2 0.48671875 0.20859375 0.0265625 0.0421875
22 0.56953125 0.20546875 0.0265625 0.0421875
7 0.3359375 0.43046875 0.0421875 0.04375
17 0.65234375 0.32578125 0.0375 0.03671875
22 0.3390625 0.3953125 0.04140625 0.04140625
27 0.028125 0.08046875 0.0296875 0.07265625
14 0.5421875 0.20546875 0.0265625 0.040625
28 0.43046875 0.2578125 0.02890625 0.06015625
17 0.37890625 0.43359375 0.0390625 0.04140625
3 0.13984375 0.9171875 0.0484375 0.13203125
27 0.30859375 0.296875 0.0390625 0.053125
33 0.4859375 0.2578125 0.028125 0.06171875
18 0.33671875 0.91875 0.04765625 0.13359375
26 0.6328125 0.91875 0.04765625 0.13046875
26 0.6828125 0.91875 0.04375 0.12890625
2 0.48515625 0.92109375 0.04765625 0.134375
1 0.43515625 0.91953125 0.04921875 0.1359375
3 0.1890625 0.91796875 0.0484375 0.1328125
12 0.2390625 0.9171875 0.05 0.1328125
2 0.534375 0.91875 0.0484375 0.13359375
32 0.25 0.0625 0.02734375 0.05234375
18 0.2875 0.91953125 0.04921875 0.13359375
23 0.58359375 0.921875 0.04765625 0.1328125
31 0.73203125 0.91875 0.04921875 0.13125
32 0.703125 0.48046875 0.0390625 0.05859375
32 0.2765625 0.0625 0.028125 0.05390625
6 0.80625 0.0828125 0.0359375 0.03515625
32 0.22265625 0.05859375 0.03359375 0.0484375
3 0.8140625 0.121875 0.03203125 0.059375
9 0.79921875 0.06015625 0.03203125 0.03828125
20 0.79765625 0.9203125 0.046875 0.13515625
1 0.3875 0.921875 0.0484375 0.13828125
26 0.51328125 0.253125 0.02890625 0.0625
19 0.3453125 0.32265625 0.0375 0.034375