30 0.48515625 0.2859375 0.028125 0.0625
33 0.51640625 0.54921875 0.0328125 0.06015625
33 0.61640625 0.42109375 0.040625 0.04375
29 0.61875 0.45546875 0.0390625 0.04296875
32 0.83671875 0.91796875 0.046875 0.084375
2 0.54453125 0.54921875 0.03125 0.05703125
10 0.48671875 0.234375 0.02578125 0.0390625
13 0.34921875 0.31640625 0.0390625 0.040625
32 0.875 0.9171875 0.046875 0.08359375
30 0.38515625 0.3484375 0.040625 0.040625
10 0.534375 0.92265625 0.05 0.1328125
5 0.578125 0.6109375 0.034375 0.06875
32 0.3078125 0.3234375 0.03828125 0.05078125
17 0.33515625 0.45234375 0.040625 0.0375
32 0.92109375 0.92578125 0.0515625 0.071875
16 0.46015625 0.23671875 0.025 0.040625
27 0.65703125 0.41875 0.04296875 0.04765625
27 0.70546875 0.4984375 0.04453125 0.05625
24 0.615625 0.384375 0.0390625 0.03984375
4 0.34609375 0.3515625 0.04140625 0.0421875
2 0.51484375 0.6109375 0.03359375 0.0703125
9 0.06484375 0.859375 0.05703125 0.07109375
22 0.65625 0.38359375 0.03984375 0.034375
19 0.66171875 0.4546875 0.04140625 0.040625
13 0.584375 0.921875 0.05078125 0.13203125
29 0.33984375 0.41875 0.040625 0.04765625
29 0.4125 0.66796875 0.03671875 0.071875
0 0.375 0.41796875 0.040625 0.046875
24 0.446875 0.66796875 0.03671875 0.07421875
22 0.41484375 0.60546875 0.0296875 0.0625
6 0.07421875 0.80546875 0.05703125 0.0609375
6 0.515625 0.28203125 0.025 0.0609375
12 0.23984375 0.921875 0.05078125 0.13359375
25 0.64921875 0.3171875 0.03828125 0.03671875
9 0.190625 0.92109375 0.05078125 0.13359375
4 0.38828125 0.91953125 0.04765625 0.12890625
10 0.6625 0.4984375 0.03828125 0.0578125
26 0.38359375 0.38046875 0.0375 0.03359375
7 0.4859375 0.9203125 0.0515625 0.13046875
27 0.0296875 0.11484375 0.03203125 0.0734375
30 0.4484375 0.5484375 0.03203125 0.06015625
0 0.6234375 0.49921875 0.040625 0.0546875
25 0.5453125 0.61171875 0.034375 0.0703125
5 0.54140625 0.28671875 0.028125 0.0625
27 0.4296875 0.28359375 0.028125 0.06015625
14 0.540625 0.2359375 0.025 0.040625
11 0.43046875 0.2359375 0.0265625 0.04375
3 0.07890625 0.746875 0.05 0.06640625
1 0.515625 0.234375 0.02421875 0.03671875
28 0.45859375 0.284375 0.02734375 0.06171875
7 0.3765625 0.45390625 0.040625 0.04296875
11 0.34453125 0.3796875 0.0421875 0.03359375
7 0.57109375 0.23671875 0.0265625 0.04375
8 0.33359375 0.49765625 0.04296875 0.05390625
29 0.38671875 0.31484375 0.03984375 0.0359375
16 0.37265625 0.4953125 0.040625 0.05234375
6 0.14296875 0.92109375 0.04921875 0.1328125
15 0.2875 0.92421875 0.04765625 0.13125
21 0.3375 0.92109375 0.0453125 0.134375
4 0.43671875 0.92109375 0.0453125 0.1359375
21 0.57109375 0.2859375 0.02734375 0.05546875
0 0.61015625 0.31484375 0.03828125 0.0296875
28 0.41796875 0.54609375 0.0296875 0.05546875
28 0.57734375 0.546875 0.034375 0.05078125
26 0.48125 0.54765625 0.03203125 0.05546875
14 0.44765625 0.6046875 0.0390625 0.06875
13 0.48125 0.6078125 0.03515625 0.071875
7 0.65390625 0.35078125 0.04140625 0.0359375
17 0.61328125 0.3484375 0.0390625 0.03125