30 0.43290960468749995 0.5167701859375 0.43290960468749995 0.5590062109375 0.4632768359375 0.5577639750000001 0.4632768359375 0.5043478265625 0.4399717515625 0.5018633546875 0.43432203437499994 0.5068322984375 0.43290960468749995 0.5167701859375
30 0.39548022656250004 0.37763975156249996 0.3644067796875 0.376397515625 0.3594632765625 0.381366459375 0.3594632765625 0.411180125 0.3615819203125 0.413664596875 0.39406779687500004 0.4124223609375 0.3968926546875 0.40745341562500004 0.398305084375 0.3937888203125 0.39548022656250004 0.37763975156249996
33 0.502824859375 0.28447205000000003 0.525423728125 0.28571428593750003 0.5275423734375 0.27950310625 0.5268361578125 0.2298136640625 0.5007062140625 0.2298136640625 0.502824859375 0.28447205000000003
33 0.5960451984375 0.34161490625 0.5960451984375 0.371428571875 0.5981638421875 0.3751552796875 0.632062146875 0.376397515625 0.634180790625 0.3726708078125 0.6292372875 0.344099378125 0.5960451984375 0.34161490625
30 0.59887005625 0.43850931718749997 0.601694915625 0.4484472046875 0.6384180796875001 0.449689440625 0.6362994343749999 0.41490683281249996 0.59887005625 0.41614906874999996 0.59887005625 0.43850931718749997
28 0.6024011296875 0.5068322984375 0.63700565 0.5068322984375 0.6405367234375 0.496894409375 0.6384180796875001 0.45590062187499997 0.6009887 0.4534161484375 0.6024011296875 0.5068322984375
28 0.592514125 0.2832298140625 0.59463276875 0.3055900625 0.6292372875 0.30310559062500003 0.6264124296875 0.2745341609375 0.59463276875 0.275776396875 0.592514125 0.2832298140625
28 0.396186440625 0.449689440625 0.3968926546875 0.41863354062499997 0.39477401093750003 0.41490683281249996 0.3665254234375 0.41490683281249996 0.3594632765625 0.41739130468749996 0.3587570625 0.42236024843750003 0.3601694921875 0.43726708125 0.3573446328125 0.44596273281250004 0.3601694921875 0.4521739125 0.3905367234375 0.4509316765625 0.39406779687500004 0.45465838437499995 0.396186440625 0.449689440625
27 0.55437853125 0.15155279531250002 0.556497175 0.18385093125000002 0.579802259375 0.181366459375 0.577683615625 0.14782608749999998 0.556497175 0.14782608749999998 0.55437853125 0.15155279531250002
27 0.5014124296875 0.22732919218749997 0.5275423734375 0.22360248437500002 0.5289548015625 0.20124223593749999 0.52612994375 0.1875776390625 0.5007062140625 0.1900621125 0.5014124296875 0.22732919218749997
27 0.037429378125 0.0695652171875 0.0416666671875 0.054658384375 0.0409604515625 0.0434782609375 0.016949153124999998 0.042236024999999996 0.0134180796875 0.045962732812500004 0.01200565 0.0906832296875 0.0148305078125 0.09316770156250001 0.01412429375 0.11180124218750001 0.039548021875 0.113043478125 0.0416666671875 0.10062111874999999 0.037429378125 0.0695652171875
27 0.35522598906249997 0.46956521718750005 0.353813559375 0.4981366453125 0.3573446328125 0.5055900624999999 0.3926553671875 0.5068322984375 0.39336158125 0.45465838437499995 0.3587570625 0.45465838437499995 0.35522598906249997 0.46956521718750005
29 0.40112994375 0.560248446875 0.43079096093749997 0.5565217390625 0.43008474531249996 0.5043478265625 0.40395480156249997 0.5043478265625 0.40112994375 0.5105590062500001 0.40112994375 0.560248446875
29 0.5204802265625 0.5590062109375 0.4992937859375 0.5614906828125 0.4992937859375 0.6273291921874999 0.504943503125 0.6310559 0.5275423734375 0.6298136640625 0.5296610171875 0.61614906875 0.5289548015625 0.56273291875 0.5204802265625 0.5590062109375
29 0.72387005625 0.4571428578125 0.7210451984375 0.4534161484375 0.69138418125 0.4534161484375 0.6850282484375 0.45838509375000003 0.6857344624999999 0.4956521734375 0.688559321875 0.508074534375 0.7210451984375 0.508074534375 0.7259887 0.5018633546875 0.7274011296875 0.4857142859375 0.72387005625 0.4571428578125
29 0.5289548015625 0.22732919218749997 0.5289548015625 0.2807453421875 0.532485875 0.28447205000000003 0.5529661015625 0.2832298140625 0.5557909609375 0.273291925 0.55437853125 0.22732919218749997 0.5289548015625 0.22732919218749997
32 0.39477401093750003 0.6521739125 0.3968926546875 0.6944099375 0.426553671875 0.691925465625 0.42937853125 0.6459627328125 0.426553671875 0.6211180125 0.3975988703125 0.6211180125 0.39477401093750003 0.6521739125
32 0.8241525421875 0.103105590625 0.8001412421874999 0.1018633546875 0.794491525 0.1055900625 0.7930790953125 0.1217391296875 0.79661016875 0.1465838515625 0.8248587578125001 0.14782608749999998 0.827683615625 0.144099378125 0.829802259375 0.1279503109375 0.8241525421875 0.103105590625
32 0.7909604515625 0.0484472046875 0.7895480218750001 0.06583850937499999 0.79237288125 0.07453416093750001 0.8199152546875 0.07453416093750001 0.8135593218749999 0.0434782609375 0.79661016875 0.042236024999999996 0.7909604515625 0.0484472046875
32 0.79237288125 0.075776396875 0.7888418078125 0.0807453421875 0.7888418078125 0.1043478265625 0.7916666671875 0.11055900625 0.8093220343749999 0.1018633546875 0.823446328125 0.1018633546875 0.8177966109374999 0.075776396875 0.79237288125 0.075776396875
15 0.157485875 0.8509316765625 0.120056496875 0.8509316765625 0.11581920937500001 0.8571428578125 0.11581920937500001 0.981366459375 0.1214689265625 0.9875776390625 0.1617231640625 0.9863354031249999 0.164548021875 0.9664596265625001 0.1638418078125 0.8571428578125 0.157485875 0.8509316765625
15 0.190625 0.92265625 0.04609375 0.13671875
13 0.23828125 0.921875 0.046875 0.1296875
16 0.2890625 0.91875 0.04765625 0.13125
19 0.33671875 0.9203125 0.04921875 0.13359375
8 0.3875 0.9203125 0.04921875 0.1328125
11 0.434375 0.9203125 0.046875 0.13515625
23 0.48515625 0.92109375 0.0484375 0.1390625
23 0.53515625 0.9203125 0.0484375 0.1328125
23 0.584375 0.921875 0.04375 0.1296875
3 0.8629943499999999 0.8919254656250001 0.8248587578125001 0.8894409937500001 0.8199152546875 0.8919254656250001 0.8170903953125 0.90062111875 0.8170903953125 0.924223603125 0.823446328125 0.9590062109374999 0.8665254234375 0.957763975 0.870056496875 0.950310559375 0.8714689265625 0.9304347828124999 0.8629943499999999 0.8919254656250001
6 0.9096045203124999 0.934161490625 0.9025423734375 0.9043478265625 0.9004237281249999 0.8770186328125 0.8912429375 0.8720496890625 0.8658192093749999 0.8745341609375 0.8637005656250001 0.8857142859374999 0.872175140625 0.95279503125 0.879943503125 0.957763975 0.9039548015625 0.9565217390624999 0.9096045203124999 0.944099378125 0.9096045203124999 0.934161490625
6 0.3622881359375 0.345341615625 0.3622881359375 0.3751552796875 0.3968926546875 0.376397515625 0.3990113 0.3726708078125 0.3990113 0.34037267031249996 0.36511299375 0.339130434375 0.3622881359375 0.345341615625
9 0.946327684375 0.93167701875 0.9364406781250001 0.8770186328125 0.9322033890625001 0.8720496890625 0.9032485875 0.8720496890625 0.9018361578125 0.8832298140624999 0.9110169484374999 0.934161490625 0.9110169484374999 0.955279503125 0.9420903953125 0.955279503125 0.94562146875 0.9490683234375 0.946327684375 0.93167701875
24 0.6807909609375 0.41490683281249996 0.681497175 0.449689440625 0.6850282484375 0.45590062187499997 0.688559321875 0.4521739125 0.7210451984375 0.4521739125 0.71963276875 0.41739130468749996 0.6807909609375 0.41490683281249996
24 0.4731638421875 0.22857142812500003 0.4724576265625 0.2832298140625 0.476694915625 0.286956521875 0.49788135625 0.28571428593750003 0.4992937859375 0.2298136640625 0.4774011296875 0.22360248437500002 0.4731638421875 0.22857142812500003
0 0.41596045156250006 0.23229813593749998 0.4166666671875 0.28447205000000003 0.4427966109375 0.2832298140625 0.44350282500000004 0.2298136640625 0.424435028125 0.22608695625 0.41807909531250004 0.22732919218749997 0.41596045156250006 0.23229813593749998
0 0.577683615625 0.21987577656249999 0.5628531078125001 0.218633540625 0.556497175 0.2298136640625 0.5572033890625 0.2832298140625 0.5593220343749999 0.286956521875 0.5812146890625 0.286956521875 0.5847457625 0.270807453125 0.5819209046875 0.22857142812500003 0.577683615625 0.21987577656249999
0 0.5268361578125 0.5565217390625 0.5268361578125 0.5068322984375 0.4985875703125 0.508074534375 0.4985875703125 0.550310559375 0.5268361578125 0.5565217390625
21 0.3672316390625 0.27950310625 0.367937853125 0.30434782656250003 0.4032485875 0.30310559062500003 0.40536723124999996 0.28571428593750003 0.40112994375 0.27204968906250004 0.3757062140625 0.270807453125 0.3672316390625 0.27950310625
5 0.36511299375 0.3378881984375 0.400423728125 0.3378881984375 0.400423728125 0.3055900625 0.367937853125 0.3055900625 0.3644067796875 0.3118012421875 0.36511299375 0.3378881984375
5 0.6306497171875 0.2956521734375 0.6334745765625 0.3055900625 0.66737288125 0.30310559062500003 0.6645480218750001 0.273291925 0.632062146875 0.273291925 0.6306497171875 0.2956521734375
2 0.59463276875 0.308074534375 0.5960451984375 0.339130434375 0.6264124296875 0.3428571421875 0.632062146875 0.3378881984375 0.6306497171875 0.313043478125 0.6264124296875 0.3068322984375 0.59463276875 0.308074534375
2 0.634180790625 0.3478260875 0.6355932203125 0.3689441 0.63912429375 0.37763975156249996 0.674435028125 0.3751552796875 0.6709039546875 0.34161490625 0.6497175140625 0.34161490625 0.634180790625 0.3478260875
8 0.563559321875 0.560248446875 0.5656779656250001 0.628571428125 0.593926553125 0.6298136640625 0.5967514125 0.618633540625 0.59463276875 0.5639751546875 0.5882768359375 0.5590062109375 0.563559321875 0.560248446875
11 0.46539547968750006 0.56273291875 0.46539547968750006 0.6273291921874999 0.49435028281250004 0.6310559 0.4964689265625 0.6223602484375 0.4964689265625 0.5639751546875 0.474576271875 0.5590062109375 0.46539547968750006 0.56273291875
14 0.6398305078125001 0.4434782609375 0.6426553671875 0.4509316765625 0.6800847453125 0.449689440625 0.6758474578125 0.4124223609375 0.63912429375 0.41490683281249996 0.6398305078125001 0.4434782609375
14 0.3432203390625 0.30434782656250003 0.32838983125 0.3055900625 0.3269774015625 0.3093167703125 0.325564971875 0.334161490625 0.3290960453125 0.3354037265625 0.35663841875 0.3329192546875 0.3594632765625 0.3279503109375 0.3615819203125 0.3068322984375 0.3432203390625 0.30434782656250003
17 0.44491525468750004 0.24223602500000002 0.44562146875 0.28447205000000003 0.46963276875000004 0.2832298140625 0.47033898281250003 0.22732919218749997 0.4491525421875 0.2248447203125 0.44562146875 0.22857142812500003 0.44491525468750004 0.24223602500000002
17 0.531073446875 0.5614906828125 0.5317796609375 0.628571428125 0.535310734375 0.6335403734375 0.5607344624999999 0.6310559 0.5628531078125001 0.62608695625 0.561440678125 0.56273291875 0.531073446875 0.5614906828125
26 0.46680790937500005 0.5540372671875 0.49435028281250004 0.5577639750000001 0.49576271250000004 0.5043478265625 0.47387005625 0.5018633546875 0.4661016953125 0.5055900624999999 0.46680790937500005 0.5540372671875
26 0.5974576265625 0.37763975156249996 0.5960451984375 0.3900621125 0.59887005625 0.4124223609375 0.6334745765625 0.413664596875 0.6362994343749999 0.40993788750000004 0.6334745765625 0.37763975156249996 0.5974576265625 0.37763975156249996
25 0.6709039546875 0.3354037265625 0.6666666671875 0.3068322984375 0.6327683609375 0.308074534375 0.6334745765625 0.3329192546875 0.63700565 0.3428571421875 0.6546610171875 0.345341615625 0.6624293781249999 0.339130434375 0.6687853109375 0.34037267031249996 0.6709039546875 0.3354037265625
25 0.41878531093750004 0.22236024843750002 0.44420903906250003 0.22360248437500002 0.44350282500000004 0.18633540312500002 0.424435028125 0.1850931671875 0.41949152500000003 0.188819875 0.41878531093750004 0.22236024843750002
22 0.646186440625 0.4534161484375 0.6426553671875 0.4571428578125 0.6454802265625 0.5068322984375 0.678672315625 0.508074534375 0.681497175 0.5043478265625 0.6829096046875 0.47950310625 0.678672315625 0.45590062187499997 0.646186440625 0.4534161484375
22 0.47387005625 0.1900621125 0.474576271875 0.22360248437500002 0.5 0.22360248437500002 0.4964689265625 0.20496894375000002 0.4992937859375 0.188819875 0.47951977343749996 0.18633540312500002 0.47387005625 0.1900621125
19 0.5529661015625 0.22236024843750002 0.5529661015625 0.188819875 0.5296610171875 0.1875776390625 0.5296610171875 0.22360248437500002 0.5529661015625 0.22236024843750002
16 0.35451977343749996 0.4124223609375 0.32062146875 0.4124223609375 0.3170903953125 0.41739130468749996 0.313559321875 0.434782609375 0.31638418125 0.4521739125 0.3524011296875 0.4534161484375 0.35451977343749996 0.449689440625 0.3573446328125 0.4198757765625 0.35451977343749996 0.4124223609375
16 0.563559321875 0.5043478265625 0.5621468921874999 0.5440993781250001 0.5642655375000001 0.5565217390625 0.591807909375 0.5565217390625 0.593926553125 0.5329192546875 0.591807909375 0.5055900624999999 0.563559321875 0.5043478265625
13 0.40466101718749997 0.5577639750000001 0.3975988703125 0.57391304375 0.3968926546875 0.6086956515625 0.400423728125 0.6173913046874999 0.4279661015625 0.6173913046874999 0.43079096093749997 0.5950310562500001 0.43008474531249996 0.56273291875 0.40466101718749997 0.5577639750000001
13 0.64336158125 0.376397515625 0.6398305078125001 0.3801242234375 0.6398305078125001 0.413664596875 0.6758474578125 0.41490683281249996 0.6772598875 0.411180125 0.6772598875 0.3913043484375 0.672316384375 0.37763975156249996 0.64336158125 0.376397515625
10 0.31991525468750004 0.411180125 0.35663841875 0.40993788750000004 0.35663841875 0.37763975156249996 0.323446328125 0.3751552796875 0.32062146875 0.3801242234375 0.31991525468750004 0.411180125
10 0.55437853125 0.2 0.5572033890625 0.22360248437500002 0.580508475 0.22236024843750002 0.57838983125 0.1850931671875 0.5557909609375 0.18633540312500002 0.55437853125 0.2
7 0.4731638421875 0.22360248437500002 0.47104519843750003 0.1850931671875 0.44632768437500003 0.1875776390625 0.4470338984375 0.2248447203125 0.4731638421875 0.22360248437500002
7 0.32980225937499996 0.2770186328125 0.32838983125 0.30310559062500003 0.36370056562499997 0.30062111874999997 0.365819209375 0.2770186328125 0.36299435 0.27204968906250004 0.3319209046875 0.270807453125 0.32980225937499996 0.2770186328125
7 0.531073446875 0.5577639750000001 0.561440678125 0.5565217390625 0.5600282484375 0.5055900624999999 0.533192090625 0.5043478265625 0.53036723125 0.508074534375 0.531073446875 0.5577639750000001
4 0.43432203437499994 0.5614906828125 0.4322033890625 0.5639751546875 0.43149717499999996 0.5875776390625 0.43079096093749997 0.6198757765625 0.43290960468749995 0.6298136640625 0.45762711874999995 0.6322981359375001 0.46257062187500003 0.628571428125 0.46186440624999997 0.5614906828125 0.43432203437499994 0.5614906828125
1 0.3269774015625 0.339130434375 0.323446328125 0.344099378125 0.32132768437500003 0.37391304375 0.3573446328125 0.376397515625 0.3601694921875 0.3701863359375 0.3615819203125 0.344099378125 0.3594632765625 0.34037267031249996 0.3269774015625 0.339130434375
11 0.3531073453125 0.45465838437499995 0.318502825 0.4521739125 0.31426553749999997 0.45590062187499997 0.313559321875 0.4633540375 0.311440678125 0.486956521875 0.3149717515625 0.5043478265625 0.33686440625 0.508074534375 0.349576271875 0.508074534375 0.351694915625 0.5043478265625 0.3531073453125 0.45465838437499995